000000000010000000000000000000000000000000000000000000000000000000011000000000000001000000010000
000000001110000000000000000000000000000000000000000000000000000000000000000000000000000000000001
00000001010100100111111111111001011101100000000000000000000000000000000000000000000011010100110000
00000001110100000000010000000000000000000011000000000000000000000000000000000000000100001011101000
000000100010000000000000000000000000000000000000000000000000000001101001010000000101000111100000
00000010110100000000000001001111101101000110010000000000000000000000000000000000000110000100011000
000000110010000000000000000000000000000000000000000000000000000000011110000000000111000010100000
000000111010000000000000000000000000000000000000000000000000000000011000100000001000000001111000
00000100010100000000000000000000000000000001001111111011011001111110000000000000001001000001100000
000001001000000000000000000000000000000000001100011101100001100110101000000000001010000001011000
000001010110000000000000000000000000000000000000000000000000000000000000000000000000000000000001
000001011110000000000000000000000000000000000000000000000000000000000000000000000000000000000000
000001100000000000000000000000000000000000001100011101100001100110101000000000001101000001110000
000001101110000000000000000000000000000000000000000000000000000000000000000000000000000000000000
000001110110000000000000000000000000000000000000000000000000000000000000000000000000000000000000
000001111000000000000000000000000000000000001100011101100001100111011000000000010000000010011000
000010000000000000000000000000000000000000001100011101100001100110111000000000010001000010010000
000010001110000000000000000000000000000000000000000000000000000000000000000000000000000000000001
000010010110000000000000000000000000000000000000000000000000000000000000000000000000000000000001
000010011110000000000000000000000000000000000000000000000000000000000000000000000000000000000000
000010100010000000000000000000000000000000000000000000000000000000111110011000010101000011100000
000010101000000000000000000000000000000000001100011101100001100110111000000000010110000011001000
00001011010100000000000000000000000000000000000000000000000000000000000000010000010111000011000000
000010111110000000000000000000000000000000000000000000000000000000000000000000000000000000000000
000011000110000000000000000000000000000000000000000000000000000000000000000000000000000000000000
000011001000000000000000000000000000000000001100011101100001100111011000000000011010000011011000
000011010110000000000000000000000000000000000000000000000000000000000000000000000000000000000000
000011011110000000000000000000000000000000000000000000000000000000000000000000000000000000000000
000011100000000000000000000000000000000000001100011101100001100110111000000000011101000100000000
000011101000000000000000000000000000000000001100011101100001100110101000000000011110000011111000
000011110110000000000000000000000000000000000000000000000000000000000000000000000000000000000001
000011111110000000000000000000000000000000000000000000000000000000000000000000000000000000000000
000100000010000000000000000000000000000000000000000000000000000001011000010000100001000100010000
000100001110000000000000000000000000000000000000000000000000000000000000000000000000000000000001
000100010110000000000000000000000000000000000000000000000000000000000000000000000000000000000000
000100011010000000000000000000000000000000000000000000000000000000011000110000100100000110001000
00010010010100000000001111001010000010011011111000000000000000000000000000000000100101000101100000
00010010110100000000000011101110110011100011110010000000000000000000000000000000100110000101001000
000100110000000000000000000000000000000000001100011101100001100110111000000000100111000101000000
000100111110000000000000000000000000000000000000000000000000000000000000000000000000000000000000
000101000110000000000000000000000000000000000000000000000000000000000000000000000000000000000000
000101001000000000000000000000000000000000001100011101100001100110111000000000101010000101011000
000101010110000000000000000000000000000000000000000000000000000000000000000000000000000000000000
000101011110000000000000000000000000000000000000000000000000000000000000000000000000000000000000
000101100010000000000000000000000000000000000000000000000000000000011000010000101101000101110000
000101101110000000000000000000000000000000000000000000000000000000000000000000000000000000000000
000101110010000000000000000000000000000000000000000000000000000000011000100000101111000110000000
000101111110000000000000000000000000000000000000000000000000000000000000000000000000000000000001
000110000110000000000000000000000000000000000000000000000000000000000000000000000000000000000000
00011000110100000000000001010000000000000110000001000000000000000000000000000000110010000110111000
000110010000000000000000000000000000000000001100011101100001100111001000000000110011000110110000
000110011000000000000000000000000000000000001100011101100001100110111000000000110100000110101000
000110100110000000000000000000000000000000000000000000000000000000000000000000000000000000000001
000110101110000000000000000000000000000000000000000000000000000000000000000000000000000000000001
000110110110000000000000000000000000000000000000000000000000000000000000000000000000000000000000
000110111000000000000000000000000000000000001100011101100001100111001000000000111000000111011000
000111000010000000000000000000000000000000000000000000000000000000111100111000111001000111010000
000111001110000000000000000000000000000000000000000000000000000000000000000000000000000000000001
000111010110000000000000000000000000000000000000000000000000000000000000000000000000000000000001
000111011110000000000000000000000000000000000000000000000000000000000000000000000000000000000000
000111100010000000000000000000000000000000000000000000000000000011101110000000111101001010010000
00011110110100000000000000000000000000000000000000000000000000000000000000000000111110001000101000
000111110000000000000000000000000000000000001100011101100001100110111000000000111111001000100000
000111111010000000000000000000000000000000000000000000000000000010100001101001000000001000011000
001000000010000000000000000000000000000000000000000000000000000001111011010001000001001000010000
001000001110000000000000000000000000000000000000000000000000000000000000000000000000000000000001
001000010110000000000000000000000000000000000000000000000000000000000000000000000000000000000000
001000011110000000000000000000000000000000000000000000000000000000000000000000000000000000000001
001000100110000000000000000000000000000000000000000000000000000000000000000000000000000000000000
00100010110100000000000000000000000001110000100100010100001111000000000000000001000110001001101000
00100011010100000000000000000000000000000000000000000000000000000001001110001001000111001001010000
001000111010000000000000000000000000000000000000000000000000000001111111100001001000001001001000
001001000110000000000000000000000000000000000000000000000000000000000000000000000000000000000000
001001001110000000000000000000000000000000000000000000000000000000000000000000000000000000000001
00100101010100000000000000000000000000000000001011010000001101001011101000000001001011001001100000
001001011110000000000000000000000000000000000000000000000000000000000000000000000000000000000001
001001100110000000000000000000000000000000000000000000000000000000000000000000000000000000000001
00100110110100000000000000000000000001110000101000000101100001000000000000000001001110001001111000
001001110110000000000000000000000000000000000000000000000000000000000000000000000000000000000000
001001111010000000000000000000000000000000000000000000000000000001111111001001010000001010001000
001010000110000000000000000000000000000000000000000000000000000000000000000000000000000000000000
001010001110000000000000000000000000000000000000000000000000000000000000000000000000000000000001
00101001010100000000000000000000000000000000000000000000000000000000000000000001010011001010100000
001010011110000000000000000000000000000000000000000000000000000000000000000000000000000000000000
001010100000000000000000000000000000000000001100011101100001100111001000000001010101001011100000
00101010110100000000000000000001001111001001011001011101000000000000000000000001010110001011001000
00101011010100000000000000000000100001100010111000010000100000000000000000000001010111001011000000
001010111110000000000000000000000000000000000000000000000000000000000000000000000000000000000001
001011000110000000000000000000000000000000000000000000000000000000000000000000000000000000000001
001011001010000000000000000000000000000000000000000000000000000011101110011001011010001011011000
001011010110000000000000000000000000000000000000000000000000000000000000000000000000000000000000
001011011110000000000000000000000000000000000000000000000000000000000000000000000000000000000001
001011100110000000000000000000000000000000000000000000000000000000000000000000000000000000000000
001011101000000000000000000000000000000000001100011101100001100111001000000001011110010011011000
001011110000000000000000000000000000000000001100011101100001100110111000000001011111001111110000
001011111010000000000000000000000000000000000000000000000000000000111101001001100000001101111000
001100000010000000000000000000000000000000000000000000000000000000011000101001100001001101000000
001100001010000000000000000000000000000000000000000000000000000000011000001001100010001100101000
00110001010100011001110100101000001100110000000000000000000000000000000000000001100011001100100000
001100011110000000000000000000000000000000000000000000000000000000000000000000000000000000000000
001100100110000000000000000000000000000000000000000000000000000000000000000000000000000000000000
001100101000000000000000000000000000000000001100011101100001100110101000000001100110001100111000
001100110110000000000000000000000000000000000000000000000000000000000000000000000000000000000000
001100111110000000000000000000000000000000000000000000000000000000000000000000000000000000000000
001101000010000000000000000000000000000000000000000000000000000000110010000001101001001101100000
00110100110100000010110011111101101010001000000000000000000000000000000000000001101010001101011000
001101010110000000000000000000000000000000000000000000000000000000000000000000000000000000000000
001101011110000000000000000000000000000000000000000000000000000000000000000000000000000000000001
001101100000000000000000000000000000000000001100011101100001100110101000000001101101001101110000
001101101110000000000000000000000000000000000000000000000000000000000000000000000000000000000000
001101110110000000000000000000000000000000000000000000000000000000000000000000000000000000000000
00110111110100000100000000100111001101001100000000000000000000000000000000000001110000001110111000
001110000000000000000000000000000000000000001100011101100001100110101000000001110001001110100000
00111000110100000000011111111010110000111101000000000000000000000000000000000001110010001110011000
001110010110000000000000000000000000000000000000000000000000000000000000000000000000000000000001
001110011110000000000000000000000000000000000000000000000000000000000000000000000000000000000000
00111010010100000000101001011000000000000000000000000000000000000000000000000001110101001110110000
001110101110000000000000000000000000000000000000000000000000000000000000000000000000000000000001
001110110110000000000000000000000000000000000000000000000000000000000000000000000000000000000000
00111011110100001001011010010011110110001000000000000000000000000000000000000001111000001111011000
001111000010000000000000000000000000000000000000000000000000000010011000010001111001001111010000
001111001110000000000000000000000000000000000000000000000000000000000000000000000000000000000001
001111010110000000000000000000000000000000000000000000000000000000000000000000000000000000000001
00111101110100100000000011111111110011100000000000000000000000000000000000000001111100001111101000
001111100110000000000000000000000000000000000000000000000000000000000000000000000000000000000001
001111101110000000000000000000000000000000000000000000000000000000000000000000000000000000000001
001111110010000000000000000000000000000000000000000000000000000000111101001001111111010001110000
001111111010000000000000000000000000000000000000000000000000000000110010000010000000010000111000
01000000010100010010101000011110100010100000000000000000000000000000000000000010000001010000100000
010000001010000000000000000000000000000000000000000000000000000000101111110010000010010000011000
010000010110000000000000000000000000000000000000000000000000000000000000000000000000000000000000
010000011110000000000000000000000000000000000000000000000000000000000000000000000000000000000001
010000100010000000000000000000000000000000000000000000000000000000100101010010000101010000110000
010000101110000000000000000000000000000000000000000000000000000000000000000000000000000000000000
010000110110000000000000000000000000000000000000000000000000000000000000000000000000000000000001
010000111010000000000000000000000000000000000000000000000000000000111100100010001000010001011000
010001000010000000000000000000000000000000000000000000000000000000111000011010001001010001010000
010001001110000000000000000000000000000000000000000000000000000000000000000000000000000000000000
010001010110000000000000000000000000000000000000000000000000000000000000000000000000000000000001
010001011010000000000000000000000000000000000000000000000000000000111100110010001100010001101000
010001100110000000000000000000000000000000000000000000000000000000000000000000000000000000000000
010001101110000000000000000000000000000000000000000000000000000000000000000000000000000000000000
01000111010100000100011010101101010101000100000000000000000000000000000000000010001111010010100000
010001111010000000000000000000000000000000000000000000000000000010011111101010010000010010011000
010010000010000000000000000000000000000000000000000000000000000001111110011010010001010010010000
010010001110000000000000000000000000000000000000000000000000000000000000000000000000000000000000
010010010110000000000000000000000000000000000000000000000000000000000000000000000000000000000000
010010011110000000000000000000000000000000000000000000000000000000000000000000000000000000000001
010010100010000000000000000000000000000000000000000000000000000010011000000010010101010011000000
01001010110100100001111000101111010101000000000000000000000000000000000000000010010110010010111000
010010110110000000000000000000000000000000000000000000000000000000000000000000000000000000000001
010010111110000000000000000000000000000000000000000000000000000000000000000000000000000000000000
01001100010100100000000100001100100000100000000000000000000000000000000000000010011001010011010000
010011001110000000000000000000000000000000000000000000000000000000000000000000000000000000000001
010011010110000000000000000000000000000000000000000000000000000000000000000000000000000000000000
01001101110100000110100001100100011000000000000000000000000000000000000000000010011100010011101000
010011100110000000000000000000000000000000000000000000000000000000000000000000000000000000000000
010011101010000000000000000000000000000000000000000000000000000000111101111010011110010011111000
010011110110000000000000000000000000000000000000000000000000000000000000000000000000000000000000
01001111110100000110100001101100010111111100000000000000000000000000000000000010100000010100001000
010100000110000000000000000000000000000000000000000000000000000000000000000000000000000000000001
010100001010000000000000000000000000000000000000000000000000000001011101111010100010010100011000
010100010110000000000000000000000000000000000000000000000000000000000000000000000000000000000000
010100011010000000000000000000000000000000000000000000000000000010001010101010100100010100101000
010100100110000000000000000000000000000000000000000000000000000000000000000000000000000000000000
010100101110000000000000000000000000000000000000000000000000000000000000000000000000000000000000
010100110010000000000000000000000000000000000000000000000000000000111110001010100111011101010000
010100111000000000000000000000000000000000001100011101100001100110111000000010101000011010101000
010101000000000000000000000000000000000000001100011101100001100110101000000010101001011000010000
010101001010000000000000000000000000000000000000000000000000000000110011000010101010010110101000
01010101010100111101100000101010000101000000000000000000000000000000000000000010101011010110000000
01010101110100101011011101110111101011100000000000000000000000000000000000000010101100010101101000
010101100110000000000000000000000000000000000000000000000000000000000000000000000000000000000001
010101101010000000000000000000000000000000000000000000000000000000100101001010101110010101111000
010101110110000000000000000000000000000000000000000000000000000000000000000000000000000000000001
010101111110000000000000000000000000000000000000000000000000000000000000000000000000000000000001
010110000010000000000000000000000000000000000000000000000000000000011111001010110001010110100000
010110001010000000000000000000000000000000000000000000000000000000011111000010110010010110011000
010110010110000000000000000000000000000000000000000000000000000000000000000000000000000000000001
010110011110000000000000000000000000000000000000000000000000000000000000000000000000000000000000
010110100110000000000000000000000000000000000000000000000000000000000000000000000000000000000001
01011010110101101000111011101101100011000000000000000000000000000000000000000010110110010111101000
01011011010100111111111011101001110100100000000000000000000000000000000000000010110111010111010000
01011011110100101000111001101001010000100000000000000000000000000000000000000010111000010111001000
010111000110000000000000000000000000000000000000000000000000000000000000000000000000000000000000
010111001110000000000000000000000000000000000000000000000000000000000000000000000000000000000001
010111010010000000000000000000000000000000000000000000000000000000110011101010111011010111100000
010111011110000000000000000000000000000000000000000000000000000000000000000000000000000000000000
010111100110000000000000000000000000000000000000000000000000000000000000000000000000000000000001
01011110110101101100000000011100101011000000000000000000000000000000000000000010111110011000001000
010111110010000000000000000000000000000000000000000000000000000000110011010010111111011000000000
010111111110000000000000000000000000000000000000000000000000000000000000000000000000000000000000
011000000110000000000000000000000000000000000000000000000000000000000000000000000000000000000001
011000001110000000000000000000000000000000000000000000000000000000000000000000000000000000000001
01100001010100111111111110000001010000000000000000000000000000000000000000000011000011011001010000
01100001110100101011111011101110010010000000000000000000000000000000000000000011000100011001001000
01100010010100101011100010001001111111100000000000000000000000000000000000000011000101011000110000
011000101110000000000000000000000000000000000000000000000000000000000000000000000000000000000001
011000110010000000000000000000000000000000000000000000000000000000101111111011000111011001000000
011000111110000000000000000000000000000000000000000000000000000000000000000000000000000000000001
011001000110000000000000000000000000000000000000000000000000000000000000000000000000000000000000
011001001110000000000000000000000000000000000000000000000000000000000000000000000000000000000001
01100101010101101000000000011110110010000000000000000000000000000000000000000011001011011010000000
01100101110101100111111100101100000010000000000000000000000000000000000000000011001100011001111000
01100110010101001000000000000100011011000000000000000000000000000000000000000011001101011001110000
011001101110000000000000000000000000000000000000000000000000000000000000000000000000000000000000
011001110110000000000000000000000000000000000000000000000000000000000000000000000000000000000001
011001111110000000000000000000000000000000000000000000000000000000000000000000000000000000000000
011010000010000000000000000000000000000000000000000000000000000000110011000011010001011010010000
011010001110000000000000000000000000000000000000000000000000000000000000000000000000000000000001
011010010010000000000000000000000000000000000000000000000000000000110011001011010011011010100000
011010011110000000000000000000000000000000000000000000000000000000000000000000000000000000000000
011010100110000000000000000000000000000000000000000000000000000000000000000000000000000000000001
011010101010000000000000000000000000000000000000000000000000000000110011000011010110011011001000
011010110000000000000000000000000000000000001100011101100001100111001000000011010111011011000000
011010111110000000000000000000000000000000000000000000000000000000000000000000000000000000000001
011011000110000000000000000000000000000000000000000000000000000000000000000000000000000000000000
01101100110101101000010110001111000110000000000000000000000000000000000000000011011010011100011000
011011010000000000000000000000000000000000001100011101100001100111001000000011011011011100010000
01101101110100111111101111000010001001000000000000000000000000000000000000000011011100011011111000
01101110010100101100000111000100011010100000000000000000000000000000000000000011011101011011110000
011011101110000000000000000000000000000000000000000000000000000000000000000000000000000000000000
011011110110000000000000000000000000000000000000000000000000000000000000000000000000000000000001
011011111010000000000000000000000000000000000000000000000000000000110011101011100000011100001000
011100000110000000000000000000000000000000000000000000000000000000000000000000000000000000000000
011100001110000000000000000000000000000000000000000000000000000000000000000000000000000000000000
011100010110000000000000000000000000000000000000000000000000000000000000000000000000000000000000
01110001110101101100011001000010011101000000000000000000000000000000000000000011100100011101001000
01110010010101101011010000100100010001000000000000000000000000000000000000000011100101011101000000
011100101000000000000000000000000000000000001100011101100001100111001000000011100110011100111000
011100110110000000000000000000000000000000000000000000000000000000000000000000000000000000000001
011100111110000000000000000000000000000000000000000000000000000000000000000000000000000000000000
011101000110000000000000000000000000000000000000000000000000000000000000000000000000000000000000
011101001110000000000000000000000000000000000000000000000000000000000000000000000000000000000001
011101010010000000000000000000000000000000000000000000000000000001111101101011101011011110100000
01110101110101000000000001000110010111000000000000000000000000000000000000000011101100011110011000
011101100000000000000000000000000000000000001100011101100001100111001000000011101101011110010000
011101101010000000000000000000000000000000000000000000000000000001111101100011101110011101111000
011101110110000000000000000000000000000000000000000000000000000000000000000000000000000000000001
01110111110100111111011000000101000101000000000000000000000000000000000000000011110000011110001000
011110000110000000000000000000000000000000000000000000000000000000000000000000000000000000000001
011110001110000000000000000000000000000000000000000000000000000000000000000000000000000000000000
011110010110000000000000000000000000000000000000000000000000000000000000000000000000000000000000
011110011110000000000000000000000000000000000000000000000000000000000000000000000000000000000001
011110100110000000000000000000000000000000000000000000000000000000000000000000000000000000000001
