00000000010100010010000101010100110001010000000000000000000000000000000000000000000001011000010000
000000001000000000000000000000000000000000001100011101100001100111001000000000000010010010111000
000000010010000000000000000000000000000000000000000000000000000001111010001000000011001100010000
000000011000000000000000000000000000000000001100011101100001100110101000000000000100000101111000
000000100010000000000000000000000000000000000000000000000000000000011000100000000101000010110000
00000010110100000000011110100011110100011010010000000000000000000000000000000000000110000001111000
000000110010000000000000000000000000000000000000000000000000000000011000000000000111000001000000
000000111110000000000000000000000000000000000000000000000000000000000000000000000000000000000001
00000100010100000000000000000000000000000001001111111011011001111110000000000000001001000001100000
000001001010000000000000000000000000000000000000000000000000000000011000001000001010000001011000
000001010110000000000000000000000000000000000000000000000000000000000000000000000000000000000001
000001011110000000000000000000000000000000000000000000000000000000000000000000000000000000000001
000001100010000000000000000000000000000000000000000000000000000000011000001000001101000001110000
000001101110000000000000000000000000000000000000000000000000000000000000000000000000000000000000
000001110110000000000000000000000000000000000000000000000000000000000000000000000000000000000001
000001111010000000000000000000000000000000000000000000000000000000011000000000010000000010001000
000010000110000000000000000000000000000000000000000000000000000000000000000000000000000000000001
000010001010000000000000000000000000000000000000000000000000000000011000001000010010000010101000
00001001010100000000101010000010101110111000000000000000000000000000000000000000010011000010100000
000010011110000000000000000000000000000000000000000000000000000000000000000000000000000000000000
000010100110000000000000000000000000000000000000000000000000000000000000000000000000000000000000
000010101110000000000000000000000000000000000000000000000000000000000000000000000000000000000001
00001011010100000000000000000000000000000000000000000000000000000000000000000000010111000100000000
000010111010000000000000000000000000000000000000000000000000000001110001011000011000000011111000
000011000010000000000000000000000000000000000000000000000000000001000000010000011001000011100000
000011001010000000000000000000000000000000000000000000000000000000100100110000011010000011011000
000011010110000000000000000000000000000000000000000000000000000000000000000000000000000000000000
000011011110000000000000000000000000000000000000000000000000000000000000000000000000000000000000
000011100010000000000000000000000000000000000000000000000000000001100011011000011101000011110000
000011101110000000000000000000000000000000000000000000000000000000000000000000000000000000000001
000011110110000000000000000000000000000000000000000000000000000000000000000000000000000000000000
000011111110000000000000000000000000000000000000000000000000000000000000000000000000000000000001
000100000010000000000000000000000000000000000000000000000000000000111100101000100001000101000000
000100001010000000000000000000000000000000000000000000000000000000011001001000100010000100101000
000100010010000000000000000000000000000000000000000000000000000000011001000000100011000100100000
000100011110000000000000000000000000000000000000000000000000000000000000000000000000000000000000
000100100110000000000000000000000000000000000000000000000000000000000000000000000000000000000000
00010010110100000000000000000000000000000000011111100010000101111011100000000000100110000100111000
000100110110000000000000000000000000000000000000000000000000000000000000000000000000000000000000
000100111110000000000000000000000000000000000000000000000000000000000000000000000000000000000000
00010100010100000000100000000000101000100110000000000000000000000000000000000000101001000101100000
00010100110100000000000000000000000000000000000000000111111011111101011011111000101010000101011000
000101010110000000000000000000000000000000000000000000000000000000000000000000000000000000000001
000101011110000000000000000000000000000000000000000000000000000000000000000000000000000000000001
000101100010000000000000000000000000000000000000000000000000000000111110101000101101000101110000
000101101110000000000000000000000000000000000000000000000000000000000000000000000000000000000000
000101110110000000000000000000000000000000000000000000000000000000000000000000000000000000000001
00010111110100000111110100110100111000010100000000000000000000000000000000000000110000001001011000
00011000010100000100010011000100001001000000000000000000000000000000000000000000110001001000000000
00011000110100000000010000000000001001101001110000000000000000000000000000000000110010000111001000
00011001010100000000000001001001010111111010100010000000000000000000000000000000110011000110110000
00011001110100000000000000000000000000000000000000001000000111001001000010010000110100000110101000
000110100110000000000000000000000000000000000000000000000000000000000000000000000000000000000001
000110101110000000000000000000000000000000000000000000000000000000000000000000000000000000000000
000110110000000000000000000000000000000000001100011101100001100110111000000000110111000111000000
000110111110000000000000000000000000000000000000000000000000000000000000000000000000000000000001
000111000110000000000000000000000000000000000000000000000000000000000000000000000000000000000001
000111001000000000000000000000000000000000001100011101100001100110111000000000111010000111101000
00011101010100000000101001010101010110110111100000000000000000000000000000000000111011000111100000
000111011110000000000000000000000000000000000000000000000000000000000000000000000000000000000000
000111100110000000000000000000000000000000000000000000000000000000000000000000000000000000000000
000111101010000000000000000000000000000000000000000000000000000000010110110000111110000111111000
000111110110000000000000000000000000000000000000000000000000000000000000000000000000000000000001
000111111110000000000000000000000000000000000000000000000000000000000000000000000000000000000000
001000000000000000000000000000000000000000001100011101100001100110111000000001000001001000110000
00100000110100000111011110011000011011001100000000000000000000000000000000000001000010001000011000
001000010110000000000000000000000000000000000000000000000000000000000000000000000000000000000001
00100001110100000111100001111000000000001000000000000000000000000000000000000001000100001000101000
001000100110000000000000000000000000000000000000000000000000000000000000000000000000000000000000
001000101110000000000000000000000000000000000000000000000000000000000000000000000000000000000001
001000110010000000000000000000000000000000000000000000000000000000111101111001000111001001010000
00100011110100000111011011101000111011010000000000000000000000000000000000000001001000001001001000
001001000110000000000000000000000000000000000000000000000000000000000000000000000000000000000001
001001001110000000000000000000000000000000000000000000000000000000000000000000000000000000000000
001001010110000000000000000000000000000000000000000000000000000000000000000000000000000000000001
001001011010000000000000000000000000000000000000000000000000000000111101001001001100001011001000
00100110010100001000011011110001011001010000000000000000000000000000000000000001001101001010010000
001001101010000000000000000000000000000000000000000000000000000000010110100001001110001001111000
001001110110000000000000000000000000000000000000000000000000000000000000000000000000000000000001
00100111110100000111111000010010110100001100000000000000000000000000000000000001010000001010001000
001010000110000000000000000000000000000000000000000000000000000000000000000000000000000000000000
001010001110000000000000000000000000000000000000000000000000000000000000000000000000000000000000
00101001010100001000011100000100001110101000000000000000000000000000000000000001010011001010110000
001010011000000000000000000000000000000000001100011101100001100110111000000001010100001010101000
001010100110000000000000000000000000000000000000000000000000000000000000000000000000000000000001
001010101110000000000000000000000000000000000000000000000000000000000000000000000000000000000001
00101011010100001111111111000101111001011000000000000000000000000000000000000001010111001011000000
001010111110000000000000000000000000000000000000000000000000000000000000000000000000000000000000
001011000110000000000000000000000000000000000000000000000000000000000000000000000000000000000000
00101100110100010001111111011000100000010000000000000000000000000000000000000001011010001011111000
00101101010100010001011111111110101110010000000000000000000000000000000000000001011011001011100000
001011011110000000000000000000000000000000000000000000000000000000000000000000000000000000000001
00101110010100010001100010111110010111000000000000000000000000000000000000000001011101001011110000
001011101110000000000000000000000000000000000000000000000000000000000000000000000000000000000000
001011110110000000000000000000000000000000000000000000000000000000000000000000000000000000000001
001011111010000000000000000000000000000000000000000000000000000001010111111001100000001100001000
001100000110000000000000000000000000000000000000000000000000000000000000000000000000000000000000
001100001110000000000000000000000000000000000000000000000000000000000000000000000000000000000001
00110001010100000000000000000000000000000000000000000000000000000000000000000001100011001101110000
001100011010000000000000000000000000000000000000000000000000000010000000000001100100001100101000
001100100110000000000000000000000000000000000000000000000000000000000000000000000000000000000000
001100101010000000000000000000000000000000000000000000000000000010011101101001100110001100111000
001100110110000000000000000000000000000000000000000000000000000000000000000000000000000000000001
001100111010000000000000000000000000000000000000000000000000000011101010111001101000001101101000
001101000000000000000000000000000000000000001100011101100001100110111000000001101001001101100000
001101001000000000000000000000000000000000001100011101100001100110101000000001101010001101011000
001101010110000000000000000000000000000000000000000000000000000000000000000000000000000000000000
001101011110000000000000000000000000000000000000000000000000000000000000000000000000000000000000
001101100110000000000000000000000000000000000000000000000000000000000000000000000000000000000000
001101101110000000000000000000000000000000000000000000000000000000000000000000000000000000000000
00110111010100000000000000000000000001110000100101100010011110000000000000000001101111010000010000
001101111000000000000000000000000000000000001100011101100001100110111000000001110000001111011000
001110000000000000000000000000000000000000001100011101100001100110101000000001110001001110110000
001110001010000000000000000000000000000000000000000000000000000001111111011001110010001110101000
001110010010000000000000000000000000000000000000000000000000000001111111000001110011001110100000
001110011110000000000000000000000000000000000000000000000000000000000000000000000000000000000001
001110100110000000000000000000000000000000000000000000000000000000000000000000000000000000000000
001110101110000000000000000000000000000000000000000000000000000000000000000000000000000000000001
001110110010000000000000000000000000000000000000000000000000000001111111011001110111001111010000
00111011110100000000000000000000000000000000000000000000000000000101101110100001111000001111001000
001111000110000000000000000000000000000000000000000000000000000000000000000000000000000000000000
001111001110000000000000000000000000000000000000000000000000000000000000000000000000000000000001
001111010110000000000000000000000000000000000000000000000000000000000000000000000000000000000001
00111101110100000000000000000000000000000000000000000000000000000001010000000001111100010000001000
001111100010000000000000000000000000000000000000000000000000000001111111100001111101010000000000
001111101010000000000000000000000000000000000000000000000000000001111110011001111110001111111000
001111110110000000000000000000000000000000000000000000000000000000000000000000000000000000000001
001111111110000000000000000000000000000000000000000000000000000000000000000000000000000000000000
010000000110000000000000000000000000000000000000000000000000000000000000000000000000000000000001
010000001110000000000000000000000000000000000000000000000000000000000000000000000000000000000001
010000010010000000000000000000000000000000000000000000000000000010100101010010000011010010000000
010000011010000000000000000000000000000000000000000000000000000010100101001010000100010001011000
010000100000000000000000000000000000000000001100011101100001100110111000000010000101010001000000
010000101010000000000000000000000000000000000000000000000000000001111111001010000110010000111000
010000110110000000000000000000000000000000000000000000000000000000000000000000000000000000000000
010000111110000000000000000000000000000000000000000000000000000000000000000000000000000000000001
01000100010100001001100111010000111010111000000000000000000000000000000000000010001001010001010000
010001001110000000000000000000000000000000000000000000000000000000000000000000000000000000000000
010001010110000000000000000000000000000000000000000000000000000000000000000000000000000000000001
010001011000000000000000000000000000000000001100011101100001100110111000000010001100010001111000
010001100000000000000000000000000000000000001100011101100001100110101000000010001101010001110000
010001101110000000000000000000000000000000000000000000000000000000000000000000000000000000000000
010001110110000000000000000000000000000000000000000000000000000000000000000000000000000000000000
010001111110000000000000000000000000000000000000000000000000000000000000000000000000000000000000
01001000010100000000000000000010000000000010001111011110000000000000000000000010010001010010110000
01001000110100000000000000000001111111111110000100101001000000000000000000000010010010010010101000
01001001010100000000000000000001001111111100110111011100000000000000000000000010010011010010100000
010010011110000000000000000000000000000000000000000000000000000000000000000000000000000000000001
010010100110000000000000000000000000000000000000000000000000000000000000000000000000000000000001
010010101110000000000000000000000000000000000000000000000000000000000000000000000000000000000000
010010110110000000000000000000000000000000000000000000000000000000000000000000000000000000000001
010010111010000000000000000000000000000000000000000000000000000001111011101010011000010110011000
010011000010000000000000000000000000000000000000000000000000000000011011101010011001010100000000
01001100110100000000000000000000000000000000000000111000000000010000010000100010011010010011111000
01001101010100000000000000000000000000000000000000000000000000010000000010000010011011010011100000
010011011110000000000000000000000000000000000000000000000000000000000000000000000000000000000001
01001110010100000000000000000000000000000000000000011100000000010000010000100010011101010011110000
010011101110000000000000000000000000000000000000000000000000000000000000000000000000000000000000
010011110110000000000000000000000000000000000000000000000000000000000000000000000000000000000001
010011111110000000000000000000000000000000000000000000000000000000000000000000000000000000000000
01010000010100000000000000000010000000000000000000000010000000000000000000000010100001010101100000
010100001000000000000000000000000000000000001100011101100001100111011000000010100010010101011000
01010001010100000000000000000001010000000000000000000000000000000000000000000010100011010101010000
010100011010000000000000000000000000000000000000000000000000000001101001001010100100010100111000
01010010010100000000000000000000000000000000000000000000100000000100100010011010100101010100110000
010100101110000000000000000000000000000000000000000000000000000000000000000000000000000000000000
010100110110000000000000000000000000000000000000000000000000000000000000000000000000000000000000
01010011110100000000000000000000000000000001000111000001101101010001010111000010101000010101001000
010101000110000000000000000000000000000000000000000000000000000000000000000000000000000000000000
010101001110000000000000000000000000000000000000000000000000000000000000000000000000000000000001
010101010110000000000000000000000000000000000000000000000000000000000000000000000000000000000001
010101011110000000000000000000000000000000000000000000000000000000000000000000000000000000000000
01010110010100000101010110011100001000100100000000000000000000000000000000000010101101010101110000
010101101110000000000000000000000000000000000000000000000000000000000000000000000000000000000000
010101110010000000000000000000000000000000000000000000000000000000111101111010101111010110000000
010101111110000000000000000000000000000000000000000000000000000000000000000000000000000000000000
01011000010100000110110001101100000000000000000000000000000000000000000000000010110001010110010000
010110001110000000000000000000000000000000000000000000000000000000000000000000000000000000000001
010110010110000000000000000000000000000000000000000000000000000000000000000000000000000000000000
01011001110100000000000000000000000000111010110100000001011100000000000000000010110100010111001000
010110100010000000000000000000000000000000000000000000000000000001111110010010110101010111000000
01011010110100000000000000000000000000000000010000000000000000000000000000000010110110010110111000
010110110110000000000000000000000000000000000000000000000000000000000000000000000000000000000000
010110111110000000000000000000000000000000000000000000000000000000000000000000000000000000000001
010111000110000000000000000000000000000000000000000000000000000000000000000000000000000000000000
010111001000000000000000000000000000000000001100011101100001100111101000000010111010011000001000
010111010000000000000000000000000000000000001100011101100001100111011000000010111011010111100000
010111011110000000000000000000000000000000000000000000000000000000000000000000000000000000000000
010111100010000000000000000000000000000000000000000000000000000001111101101010111101011000000000
01011110110100001101111110001100001000000000000000000000000000000000000000000010111110010111111000
010111110110000000000000000000000000000000000000000000000000000000000000000000000000000000000000
010111111110000000000000000000000000000000000000000000000000000000000000000000000000000000000001
011000000110000000000000000000000000000000000000000000000000000000000000000000000000000000000000
011000001110000000000000000000000000000000000000000000000000000000000000000000000000000000000000
01100001010100010111111111111011010010000000000000000000000000000000000000000011000011011000100000
011000011110000000000000000000000000000000000000000000000000000000000000000000000000000000000001
01100010010100100111111111111100100110100000000000000000000000000000000000000011000101100000110000
011000101010000000000000000000000000000000000000000000000000000000111101001011000110011101111000
011000110000000000000000000000000000000000001100011101100001100110111000000011000111011100000000
01100011110100100010111111001111001111000000000000000000000000000000000000000011001000011010111000
01100100010100011010000000101010001001100000000000000000000000000000000000000011001001011010000000
011001001000000000000000000000000000000000001100011101100001100110101000000011001010011001101000
01100101010100011000001101100101100000110000000000000000000000000000000000000011001011011001100000
011001011110000000000000000000000000000000000000000000000000000000000000000000000000000000000000
011001100110000000000000000000000000000000000000000000000000000000000000000000000000000000000000
011001101010000000000000000000000000000000000000000000000000000000011000110011001110011001111000
011001110110000000000000000000000000000000000000000000000000000000000000000000000000000000000000
011001111110000000000000000000000000000000000000000000000000000000000000000000000000000000000001
011010000000000000000000000000000000000000001100011101100001100110101000000011010001011010100000
011010001010000000000000000000000000000000000000000000000000000000110011100011010010011010011000
011010010110000000000000000000000000000000000000000000000000000000000000000000000000000000000001
011010011110000000000000000000000000000000000000000000000000000000000000000000000000000000000000
011010100010000000000000000000000000000000000000000000000000000000110011100011010101011010110000
011010101110000000000000000000000000000000000000000000000000000000000000000000000000000000000001
011010110110000000000000000000000000000000000000000000000000000000000000000000000000000000000000
011010111010000000000000000000000000000000000000000000000000000000100101000011011000011011001000
011011000110000000000000000000000000000000000000000000000000000000000000000000000000000000000001
011011001010000000000000000000000000000000000000000000000000000000111100011011011010011011101000
011011010000000000000000000000000000000000001100011101100001100110101000000011011011011011100000
011011011110000000000000000000000000000000000000000000000000000000000000000000000000000000000000
011011100110000000000000000000000000000000000000000000000000000000000000000000000000000000000000
011011101010000000000000000000000000000000000000000000000000000000111100110011011110011011111000
011011110110000000000000000000000000000000000000000000000000000000000000000000000000000000000000
011011111110000000000000000000000000000000000000000000000000000000000000000000000000000000000000
011100000010000000000000000000000000000000000000000000000000000000010111111011100001011100010000
011100001110000000000000000000000000000000000000000000000000000000000000000000000000000000000001
01110001010100011111111000100101110111010000000000000000000000000000000000000011100011011101000000
01110001110100011010000000001010100111000000000000000000000000000000000000000011100100011100111000
01110010010100011001110110111001110110000000000000000000000000000000000000000011100101011100110000
011100101110000000000000000000000000000000000000000000000000000000000000000000000000000000000000
011100110110000000000000000000000000000000000000000000000000000000000000000000000000000000000000
011100111110000000000000000000000000000000000000000000000000000000000000000000000000000000000001
01110100010100100010111111100100010110100000000000000000000000000000000000000011101001011101100000
01110100110100100000010101111011100101100000000000000000000000000000000000000011101010011101011000
011101010110000000000000000000000000000000000000000000000000000000000000000000000000000000000000
011101011110000000000000000000000000000000000000000000000000000000000000000000000000000000000001
01110110010100100011100101011000100001100000000000000000000000000000000000000011101101011101110000
011101101110000000000000000000000000000000000000000000000000000000000000000000000000000000000000
011101110110000000000000000000000000000000000000000000000000000000000000000000000000000000000000
01110111110100100000000011111111110011100000000000000000000000000000000000000011110000011110001000
011110000110000000000000000000000000000000000000000000000000000000000000000000000000000000000001
011110001000000000000000000000000000000000001100011101100001100110111000000011110010011111111000
01111001010100100000001001111000101111100000000000000000000000000000000000000011110011011111000000
011110011010000000000000000000000000000000000000000000000000000010010101001011110100011110101000
011110100110000000000000000000000000000000000000000000000000000000000000000000000000000000000001
011110101010000000000000000000000000000000000000000000000000000010100000110011110110011110111000
011110110110000000000000000000000000000000000000000000000000000000000000000000000000000000000000
011110111110000000000000000000000000000000000000000000000000000000000000000000000000000000000001
011111000010000000000000000000000000000000000000000000000000000010011001000011111001011111100000
011111001000000000000000000000000000000000001100011101100001100110101000000011111010011111011000
011111010110000000000000000000000000000000000000000000000000000000000000000000000000000000000001
011111011110000000000000000000000000000000000000000000000000000000000000000000000000000000000001
011111100000000000000000000000000000000000001100011101100001100110101000000011111101011111110000
011111101110000000000000000000000000000000000000000000000000000000000000000000000000000000000001
011111110110000000000000000000000000000000000000000000000000000000000000000000000000000000000001
011111111010000000000000000000000000000000000000000000000000000010100010111100000000100000101000
10000000010100100011100110001110010101100000000000000000000000000000000000000100000001100000100000
100000001000000000000000000000000000000000001100011101100001100111001000000100000010100000011000
100000010110000000000000000000000000000000000000000000000000000000000000000000000000000000000000
100000011110000000000000000000000000000000000000000000000000000000000000000000000000000000000000
100000100110000000000000000000000000000000000000000000000000000000000000000000000000000000000001
100000101110000000000000000000000000000000000000000000000000000000000000000000000000000000000001
100000110010000000000000000000000000000000000000000000000000000000111110001100000111100100100000
100000111000000000000000000000000000000000001100011101100001100111001000000100001000100100011000
100001000010000000000000000000000000000000000000000000000000000000110011000100001001100010100000
100001001010000000000000000000000000000000000000000000000000000000011111001100001010100001111000
10000101010100111110110100101010101101100000000000000000000000000000000000000100001011100001110000
10000101110100111101101100000000001100100000000000000000000000000000000000000100001100100001101000
100001100110000000000000000000000000000000000000000000000000000000000000000000000000000000000001
100001101110000000000000000000000000000000000000000000000000000000000000000000000000000000000000
100001110110000000000000000000000000000000000000000000000000000000000000000000000000000000000001
100001111010000000000000000000000000000000000000000000000000000000100101010100010000100010011000
100010000000000000000000000000000000000000001100011101100001100110101000000100010001100010010000
100010001110000000000000000000000000000000000000000000000000000000000000000000000000000000000001
100010010110000000000000000000000000000000000000000000000000000000000000000000000000000000000001
100010011110000000000000000000000000000000000000000000000000000000000000000000000000000000000001
100010100010000000000000000000000000000000000000000000000000000000110011101100010101100011100000
100010101010000000000000000000000000000000000000000000000000000000110011001100010110100011001000
100010110000000000000000000000000000000000001100011101100001100110101000000100010111100011000000
100010111110000000000000000000000000000000000000000000000000000000000000000000000000000000000000
100011000110000000000000000000000000000000000000000000000000000000000000000000000000000000000000
100011001010000000000000000000000000000000000000000000000000000000110011100100011010100011011000
100011010110000000000000000000000000000000000000000000000000000000000000000000000000000000000001
100011011110000000000000000000000000000000000000000000000000000000000000000000000000000000000000
10001110010101010110111100000000011101000000000000000000000000000000000000000100011101100100000000
100011101010000000000000000000000000000000000000000000000000000000111110000100011110100011111000
100011110110000000000000000000000000000000000000000000000000000000000000000000000000000000000001
100011111110000000000000000000000000000000000000000000000000000000000000000000000000000000000000
10010000010101010111000101000011100011000000000000000000000000000000000000000100100001100100010000
100100001110000000000000000000000000000000000000000000000000000000000000000000000000000000000000
100100010110000000000000000000000000000000000000000000000000000000000000000000000000000000000001
100100011110000000000000000000000000000000000000000000000000000000000000000000000000000000000000
100100100010000000000000000000000000000000000000000000000000000001111101101100100101100101110000
10010010110101000000000001000110010111000000000000000000000000000000000000000100100110100101101000
100100110000000000000000000000000000000000001100011101100001100111001000000100100111100101100000
100100111010000000000000000000000000000000000000000000000000000001111101100100101000100101001000
100101000110000000000000000000000000000000000000000000000000000000000000000000000000000000000001
10010100110100111110000110001110011000100000000000000000000000000000000000000100101010100101011000
100101010110000000000000000000000000000000000000000000000000000000000000000000000000000000000001
100101011110000000000000000000000000000000000000000000000000000000000000000000000000000000000000
100101100110000000000000000000000000000000000000000000000000000000000000000000000000000000000000
100101101110000000000000000000000000000000000000000000000000000000000000000000000000000000000001
100101110110000000000000000000000000000000000000000000000000000000000000000000000000000000000001
