00000000010100010010000101010100110001010000000000000000000000000000000000000000000001011111110000
00000000110100000000010000000000000000000011000000000000000000000000000000000000000010001111011000
000000010010000000000000000000000000000000000000000000000000000000011110000000000011000101000000
000000011000000000000000000000000000000000001100011101100001100111011000000000000100000100111000
000000100010000000000000000000000000000000000000000000000000000000011000100000000101000010100000
00000010110100000000000000001000000111111010100110101100000000000000000000000000000110000001111000
000000110010000000000000000000000000000000000000000000000000000000011000000000000111000001000000
000000111110000000000000000000000000000000000000000000000000000000000000000000000000000000000001
00000100010100000000000000000000000000000001001111111011011001111110000000000000001001000001100000
000001001010000000000000000000000000000000000000000000000000000000011000001000001010000001011000
000001010110000000000000000000000000000000000000000000000000000000000000000000000000000000000001
000001011110000000000000000000000000000000000000000000000000000000000000000000000000000000000001
000001100010000000000000000000000000000000000000000000000000000000011000001000001101000001110000
000001101110000000000000000000000000000000000000000000000000000000000000000000000000000000000000
000001110110000000000000000000000000000000000000000000000000000000000000000000000000000000000001
000001111010000000000000000000000000000000000000000000000000000000011000000000010000000010001000
000010000110000000000000000000000000000000000000000000000000000000000000000000000000000000000001
000010001010000000000000000000000000000000000000000000000000000000011000001000010010000010011000
000010010110000000000000000000000000000000000000000000000000000000000000000000000000000000000000
000010011110000000000000000000000000000000000000000000000000000000000000000000000000000000000001
00001010010100000000000000000000000000000000000000000000000000011110110100101000010101000011000000
000010101010000000000000000000000000000000000000000000000000000000011000110000010110000010111000
000010110110000000000000000000000000000000000000000000000000000000000000000000000000000000000000
000010111110000000000000000000000000000000000000000000000000000000000000000000000000000000000001
000011000000000000000000000000000000000000001100011101100001100110101000000000011001000100000000
00001100110100000000000000000000000000000000000001101101000110001110100110000000011010000011101000
00001101010100000000000000000000000000000000000000110100001010000111100001000000011011000011100000
000011011110000000000000000000000000000000000000000000000000000000000000000000000000000000000001
000011100110000000000000000000000000000000000000000000000000000000000000000000000000000000000000
000011101010000000000000000000000000000000000000000000000000000000011000101000011110000011111000
000011110110000000000000000000000000000000000000000000000000000000000000000000000000000000000000
000011111110000000000000000000000000000000000000000000000000000000000000000000000000000000000001
000100000000000000000000000000000000000000001100011101100001100111001000000000100001000100100000
000100001010000000000000000000000000000000000000000000000000000000011000101000100010000100011000
000100010110000000000000000000000000000000000000000000000000000000000000000000000000000000000000
000100011110000000000000000000000000000000000000000000000000000000000000000000000000000000000001
000100100010000000000000000000000000000000000000000000000000000000011000111000100101000100110000
000100101110000000000000000000000000000000000000000000000000000000000000000000000000000000000000
000100110110000000000000000000000000000000000000000000000000000000000000000000000000000000000001
000100111110000000000000000000000000000000000000000000000000000000000000000000000000000000000000
000101000010000000000000000000000000000000000000000000000000000001101001010000101001001010110000
000101001000000000000000000000000000000000001100011101100001100111001000000000101010001001001000
000101010000000000000000000000000000000000001100011101100001100110111000000000101011000111010000
000101011010000000000000000000000000000000000000000000000000000000111100001000101100000110011000
000101100000000000000000000000000000000000001100011101100001100110101000000000101101000110000000
000101101010000000000000000000000000000000000000000000000000000000011111001000101110000101111000
000101110110000000000000000000000000000000000000000000000000000000000000000000000000000000000000
000101111110000000000000000000000000000000000000000000000000000000000000000000000000000000000000
00011000010100000000000000111000110000000010110100100000000000000000000000000000110001000110010000
000110001110000000000000000000000000000000000000000000000000000000000000000000000000000000000000
000110010110000000000000000000000000000000000000000000000000000000000000000000000000000000000001
00011001110100000000000000000000000000000000000000000000000000000000000000000000110100000110111000
000110100010000000000000000000000000000000000000000000000000000001100100110000110101000110110000
000110101110000000000000000000000000000000000000000000000000000000000000000000000000000000000000
000110110110000000000000000000000000000000000000000000000000000000000000000000000000000000000000
000110111000000000000000000000000000000000001100011101100001100110101000000000111000000111001000
000111000110000000000000000000000000000000000000000000000000000000000000000000000000000000000001
000111001110000000000000000000000000000000000000000000000000000000000000000000000000000000000001
000111010010000000000000000000000000000000000000000000000000000000111100001000111011001000010000
000111011010000000000000000000000000000000000000000000000000000000101111110000111100000111111000
000111100010000000000000000000000000000000000000000000000000000000100111000000111101000111110000
000111101110000000000000000000000000000000000000000000000000000000000000000000000000000000000000
000111110110000000000000000000000000000000000000000000000000000000000000000000000000000000000001
000111111010000000000000000000000000000000000000000000000000000000111001101001000000001000001000
001000000110000000000000000000000000000000000000000000000000000000000000000000000000000000000000
001000001110000000000000000000000000000000000000000000000000000000000000000000000000000000000000
001000010010000000000000000000000000000000000000000000000000000000111110010001000011001000110000
001000011010000000000000000000000000000000000000000000000000000000111101001001000100001000101000
001000100110000000000000000000000000000000000000000000000000000000000000000000000000000000000001
001000101110000000000000000000000000000000000000000000000000000000000000000000000000000000000001
00100011010100000000000000000000010101110011101100110111010000000000000000000001000111001001000000
001000111110000000000000000000000000000000000000000000000000000000000000000000000000000000000000
001001000110000000000000000000000000000000000000000000000000000000000000000000000000000000000001
001001001010000000000000000000000000000000000000000000000000000000101011111001001010001010001000
001001010010000000000000000000000000000000000000000000000000000000011110101001001011001001100000
001001011110000000000000000000000000000000000000000000000000000000000000000000000000000000000000
001001100000000000000000000000000000000000001100011101100001100111011000000001001101001010000000
00100110110100000000000000000000000000000000000000000000010000000100100000100001001110001001111000
001001110110000000000000000000000000000000000000000000000000000000000000000000000000000000000000
001001111110000000000000000000000000000000000000000000000000000000000000000000000000000000000001
001010000110000000000000000000000000000000000000000000000000000000000000000000000000000000000000
001010001010000000000000000000000000000000000000000000000000000001101001001001010010001010011000
001010010110000000000000000000000000000000000000000000000000000000000000000000000000000000000000
00101001110100000000000000000000000000000001000111000011110111010001100000000001010100001010101000
001010100110000000000000000000000000000000000000000000000000000000000000000000000000000000000000
001010101110000000000000000000000000000000000000000000000000000000000000000000000000000000000001
001010110010000000000000000000000000000000000000000000000000000011101110000001010111001101100000
00101011110100000000000000000000000000000000000000000000000000000000000000000001011000001011111000
001011000000000000000000000000000000000000001100011101100001100110111000000001011001001011110000
001011001010000000000000000000000000000000000000000000000000000010100001101001011010001011101000
001011010000000000000000000000000000000000001100011101100001100110101000000001011011001011100000
001011011110000000000000000000000000000000000000000000000000000000000000000000000000000000000000
001011100110000000000000000000000000000000000000000000000000000000000000000000000000000000000000
001011101110000000000000000000000000000000000000000000000000000000000000000000000000000000000001
001011110110000000000000000000000000000000000000000000000000000000000000000000000000000000000000
001011111000000000000000000000000000000000001100011101100001100111011000000001100000001100111000
001100000000000000000000000000000000000000001100011101100001100111001000000001100001001100100000
001100001000000000000000000000000000000000001100011101100001100110111000000001100010001100011000
001100010110000000000000000000000000000000000000000000000000000000000000000000000000000000000001
001100011110000000000000000000000000000000000000000000000000000000000000000000000000000000000001
00110010010100000000000000000000000000111000100100000001011100000000000000000001100101001100110000
001100101110000000000000000000000000000000000000000000000000000000000000000000000000000000000001
001100110110000000000000000000000000000000000000000000000000000000000000000000000000000000000000
00110011110100000000000000000000000000111010110100000001011100000000000000000001101000001101011000
00110100010100000000000000000000000000000010100000000000000000000000100111000001101001001101010000
001101001110000000000000000000000000000000000000000000000000000000000000000000000000000000000000
001101010110000000000000000000000000000000000000000000000000000000000000000000000000000000000001
001101011110000000000000000000000000000000000000000000000000000000000000000000000000000000000000
001101100000000000000000000000000000000000001100011101100001100111001000000001101101001111010000
001101101010000000000000000000000000000000000000000000000000000011101110011001101110001110101000
001101110000000000000000000000000000000000001100011101100001100110101000000001101111001110010000
001101111010000000000000000000000000000000000000000000000000000011101110010001110000001110001000
001110000110000000000000000000000000000000000000000000000000000000000000000000000000000000000000
001110001110000000000000000000000000000000000000000000000000000000000000000000000000000000000000
001110010000000000000000000000000000000000001100011101100001100110111000000001110011001110100000
001110011110000000000000000000000000000000000000000000000000000000000000000000000000000000000000
001110100110000000000000000000000000000000000000000000000000000000000000000000000000000000000000
001110101010000000000000000000000000000000000000000000000000000011101111111001110110001111001000
001110110000000000000000000000000000000000001100011101100001100110111000000001110111001111000000
001110111110000000000000000000000000000000000000000000000000000000000000000000000000000000000001
001111000110000000000000000000000000000000000000000000000000000000000000000000000000000000000000
001111001110000000000000000000000000000000000000000000000000000000000000000000000000000000000001
001111010110000000000000000000000000000000000000000000000000000000000000000000000000000000000000
00111101110100000100001011010001001111100000000000000000000000000000000000000001111100010111111000
00111110010100000000101001011000010011010000100000000000000000000000000000000001111101010100100000
001111101010000000000000000000000000000000000000000000000000000000111110110001111110010001101000
00111111010100000000010000000001110010000010000000000000000000000000000000000001111111010000100000
001111111010000000000000000000000000000000000000000000000000000000100101101010000000010000001000
010000000110000000000000000000000000000000000000000000000000000000000000000000000000000000000000
01000000110100000000010000000000011010001001110000000000000000000000000000000010000010010000011000
010000010110000000000000000000000000000000000000000000000000000000000000000000000000000000000000
010000011110000000000000000000000000000000000000000000000000000000000000000000000000000000000001
010000100010000000000000000000000000000000000000000000000000000000011000000010000101010000110000
010000101110000000000000000000000000000000000000000000000000000000000000000000000000000000000001
010000110010000000000000000000000000000000000000000000000000000000011110111010000111010001010000
010000111000000000000000000000000000000000001100011101100001100111001000000010001000010001001000
010001000110000000000000000000000000000000000000000000000000000000000000000000000000000000000000
010001001110000000000000000000000000000000000000000000000000000000000000000000000000000000000000
01000101010100000000010110001110110111001100100000000000000000000000000000000010001011010001100000
010001011110000000000000000000000000000000000000000000000000000000000000000000000000000000000001
010001100110000000000000000000000000000000000000000000000000000000000000000000000000000000000000
010001101010000000000000000000000000000000000000000000000000000001111111001010001110010011101000
010001110000000000000000000000000000000000001100011101100001100110111000000010001111010010110000
01000111110100000000101001010000000000000000000000000000000000000000000000000010010000010010011000
01001000010100000000011111111010000010101011000000000000000000000000000000000010010001010010010000
010010001110000000000000000000000000000000000000000000000000000000000000000000000000000000000001
010010010110000000000000000000000000000000000000000000000000000000000000000000000000000000000000
010010011000000000000000000000000000000000001100011101100001100110101000000010010100010010101000
010010100110000000000000000000000000000000000000000000000000000000000000000000000000000000000000
010010101110000000000000000000000000000000000000000000000000000000000000000000000000000000000001
01001011010100000000011001100010011111111101100000000000000000000000000000000010010111010011010000
010010111000000000000000000000000000000000001100011101100001100111001000000010011000010011001000
010011000110000000000000000000000000000000000000000000000000000000000000000000000000000000000001
010011001110000000000000000000000000000000000000000000000000000000000000000000000000000000000000
010011010000000000000000000000000000000000001100011101100001100111001000000010011011010011100000
010011011110000000000000000000000000000000000000000000000000000000000000000000000000000000000000
010011100110000000000000000000000000000000000000000000000000000000000000000000000000000000000000
010011101000000000000000000000000000000000001100011101100001100111011000000010011110010100011000
010011110010000000000000000000000000000000000000000000000000000010011000010010011111010100010000
010011111010000000000000000000000000000000000000000000000000000010011000000010100000010100001000
010100000110000000000000000000000000000000000000000000000000000000000000000000000000000000000001
010100001110000000000000000000000000000000000000000000000000000000000000000000000000000000000000
010100010110000000000000000000000000000000000000000000000000000000000000000000000000000000000001
010100011110000000000000000000000000000000000000000000000000000000000000000000000000000000000000
010100100010000000000000000000000000000000000000000000000000000010011110010010100101010111110000
01010010110100000011001110110110100100110110000000000000000000000000000000000010100110010110011000
010100110010000000000000000000000000000000000000000000000000000000111110110010100111010101110000
010100111000000000000000000000000000000000001100011101100001100110111000000010101000010101011000
010101000010000000000000000000000000000000000000000000000000000000010111111010101001010101010000
010101001110000000000000000000000000000000000000000000000000000000000000000000000000000000000001
010101010110000000000000000000000000000000000000000000000000000000000000000000000000000000000000
010101011010000000000000000000000000000000000000000000000000000000010011100010101100010101101000
010101100110000000000000000000000000000000000000000000000000000000000000000000000000000000000001
010101101110000000000000000000000000000000000000000000000000000000000000000000000000000000000000
010101110010000000000000000000000000000000000000000000000000000001111001111010101111010110000000
010101111110000000000000000000000000000000000000000000000000000000000000000000000000000000000001
010110000000000000000000000000000000000000001100011101100001100110111000000010110001010110010000
010110001110000000000000000000000000000000000000000000000000000000000000000000000000000000000000
010110010110000000000000000000000000000000000000000000000000000000000000000000000000000000000000
010110011010000000000000000000000000000000000000000000000000000000110001110010110100010110111000
010110100000000000000000000000000000000000001100011101100001100111001000000010110101010110110000
010110101110000000000000000000000000000000000000000000000000000000000000000000000000000000000001
010110110110000000000000000000000000000000000000000000000000000000000000000000000000000000000000
010110111000000000000000000000000000000000001100011101100001100110111000000010111000010111011000
010111000000000000000000000000000000000000001100011101100001100110101000000010111001010111010000
010111001110000000000000000000000000000000000000000000000000000000000000000000000000000000000000
010111010110000000000000000000000000000000000000000000000000000000000000000000000000000000000000
01011101110100000011011000111011101000010000000000000000000000000000000000000010111100010111101000
010111100110000000000000000000000000000000000000000000000000000000000000000000000000000000000000
010111101110000000000000000000000000000000000000000000000000000000000000000000000000000000000000
010111110110000000000000000000000000000000000000000000000000000000000000000000000000000000000001
010111111010000000000000000000000000000000000000000000000000000000111101001011000000011011101000
011000000010000000000000000000000000000000000000000000000000000000011000000011000001011000010000
011000001110000000000000000000000000000000000000000000000000000000000000000000000000000000000001
011000010000000000000000000000000000000000001100011101100001100110111000000011000011011010010000
011000011010000000000000000000000000000000000000000000000000000000011000101011000100011001011000
011000100000000000000000000000000000000000001100011101100001100110101000000011000101011001000000
011000101010000000000000000000000000000000000000000000000000000000011000100011000110011000111000
011000110110000000000000000000000000000000000000000000000000000000000000000000000000000000000000
011000111110000000000000000000000000000000000000000000000000000000000000000000000000000000000000
011001000010000000000000000000000000000000000000000000000000000000011000100011001001011001010000
011001001110000000000000000000000000000000000000000000000000000000000000000000000000000000000000
011001010110000000000000000000000000000000000000000000000000000000000000000000000000000000000000
011001011000000000000000000000000000000000001100011101100001100110101000000011001100011001111000
011001100010000000000000000000000000000000000000000000000000000000110011000011001101011001110000
011001101110000000000000000000000000000000000000000000000000000000000000000000000000000000000001
011001110110000000000000000000000000000000000000000000000000000000000000000000000000000000000000
01100111110100001000000001001110011110001000000000000000000000000000000000000011010000011010001000
011010000110000000000000000000000000000000000000000000000000000000000000000000000000000000000000
011010001110000000000000000000000000000000000000000000000000000000000000000000000000000000000001
011010010010000000000000000000000000000000000000000000000000000000011000101011010011011011000000
01101001110100001101001110101000011100010000000000000000000000000000000000000011010100011010111000
011010100000000000000000000000000000000000001100011101100001100111001000000011010101011010110000
011010101110000000000000000000000000000000000000000000000000000000000000000000000000000000000000
011010110110000000000000000000000000000000000000000000000000000000000000000000000000000000000000
011010111110000000000000000000000000000000000000000000000000000000000000000000000000000000000000
011011000010000000000000000000000000000000000000000000000000000000110001110011011001011011010000
011011001110000000000000000000000000000000000000000000000000000000000000000000000000000000000001
01101101010100001001101110000011001101101000000000000000000000000000000000000011011011011011100000
011011011110000000000000000000000000000000000000000000000000000000000000000000000000000000000000
011011100110000000000000000000000000000000000000000000000000000000000000000000000000000000000001
011011101000000000000000000000000000000000001100011101100001100111001000000011011110011110011000
011011110010000000000000000000000000000000000000000000000000000001111101000011011111011101000000
011011111010000000000000000000000000000000000000000000000000000000111110101011100000011100111000
011100000000000000000000000000000000000000001100011101100001100110101000000011100001011100100000
01110000110100000111111001000111001000001000000000000000000000000000000000000011100010011100011000
011100010110000000000000000000000000000000000000000000000000000000000000000000000000000000000000
011100011110000000000000000000000000000000000000000000000000000000000000000000000000000000000001
01110010010100010000001101011111110111010000000000000000000000000000000000000011100101011100110000
011100101110000000000000000000000000000000000000000000000000000000000000000000000000000000000001
011100110110000000000000000000000000000000000000000000000000000000000000000000000000000000000000
011100111110000000000000000000000000000000000000000000000000000000000000000000000000000000000001
011101000000000000000000000000000000000000001100011101100001100110101000000011101001011101110000
011101001010000000000000000000000000000000000000000000000000000001111101001011101010011101011000
011101010110000000000000000000000000000000000000000000000000000000000000000000000000000000000000
01110101110100010010000011111110101111110000000000000000000000000000000000000011101100011101101000
011101100110000000000000000000000000000000000000000000000000000000000000000000000000000000000001
011101101110000000000000000000000000000000000000000000000000000000000000000000000000000000000000
011101110010000000000000000000000000000000000000000000000000000010100101010011101111011110010000
01110111110100001001100111011000111000010000000000000000000000000000000000000011110000011110001000
011110000110000000000000000000000000000000000000000000000000000000000000000000000000000000000000
011110001110000000000000000000000000000000000000000000000000000000000000000000000000000000000001
011110010110000000000000000000000000000000000000000000000000000000000000000000000000000000000001
01111001110100000110100001101100010111111100000000000000000000000000000000000011110100011110111000
011110100010000000000000000000000000000000000000000000000000000001011101111011110101011110110000
011110101110000000000000000000000000000000000000000000000000000000000000000000000000000000000001
011110110110000000000000000000000000000000000000000000000000000000000000000000000000000000000000
011110111000000000000000000000000000000000001100011101100001100111101000000011111000011111101000
011111000000000000000000000000000000000000001100011101100001100111011000000011111001011111010000
011111001110000000000000000000000000000000000000000000000000000000000000000000000000000000000000
01111101010100001101111110001100001001100000000000000000000000000000000000000011111011011111100000
011111011110000000000000000000000000000000000000000000000000000000000000000000000000000000000000
011111100110000000000000000000000000000000000000000000000000000000000000000000000000000000000000
011111101110000000000000000000000000000000000000000000000000000000000000000000000000000000000000
011111110000000000000000000000000000000000001100011101100001100110111000000011111111101001110000
011111111000000000000000000000000000000000001100011101100001100110101000000100000000100100111000
100000000010000000000000000000000000000000000000000000000000000000111110001100000001100011010000
10000000110100010111111111001010101101010000000000000000000000000000000000000100000010100000011000
100000010110000000000000000000000000000000000000000000000000000000000000000000000000000000000001
100000011010000000000000000000000000000000000000000000000000000000110011000100000100100001101000
100000100010000000000000000000000000000000000000000000000000000000100101010100000101100001100000
10000010110100011010000000100111110110100000000000000000000000000000000000000100000110100001001000
10000011010100011000011110111010010110100000000000000000000000000000000000000100000111100001000000
100000111110000000000000000000000000000000000000000000000000000000000000000000000000000000000000
100001000110000000000000000000000000000000000000000000000000000000000000000000000000000000000000
10000100110100111110110011110111110001100000000000000000000000000000000000000100001010100001011000
100001010110000000000000000000000000000000000000000000000000000000000000000000000000000000000001
100001011110000000000000000000000000000000000000000000000000000000000000000000000000000000000001
100001100110000000000000000000000000000000000000000000000000000000000000000000000000000000000001
10000110110101101000111011101101100011000000000000000000000000000000000000000100001110100010101000
100001110010000000000000000000000000000000000000000000000000000000111100100100001111100010010000
100001111010000000000000000000000000000000000000000000000000000000110011101100010000100010001000
100010000110000000000000000000000000000000000000000000000000000000000000000000000000000000000000
100010001110000000000000000000000000000000000000000000000000000000000000000000000000000000000001
100010010010000000000000000000000000000000000000000000000000000000111101001100010011100010100000
100010011110000000000000000000000000000000000000000000000000000000000000000000000000000000000000
100010100110000000000000000000000000000000000000000000000000000000000000000000000000000000000000
100010101010000000000000000000000000000000000000000000000000000000110011010100010110100011001000
10001011010101101101010100010111010001000000000000000000000000000000000000000100010111100011000000
100010111110000000000000000000000000000000000000000000000000000000000000000000000000000000000000
100011000110000000000000000000000000000000000000000000000000000000000000000000000000000000000001
100011001110000000000000000000000000000000000000000000000000000000000000000000000000000000000001
10001101010101000000000000000100011001000000000000000000000000000000000000000100011011100100110000
100011011010000000000000000000000000000000000000000000000000000010100010100100011100100100101000
100011100010000000000000000000000000000000000000000000000000000001111101100100011101100011110000
100011101110000000000000000000000000000000000000000000000000000000000000000000000000000000000001
100011110010000000000000000000000000000000000000000000000000000001111101101100011111100100010000
10001111110100111110000110001110011000100000000000000000000000000000000000000100100000100100001000
100100000110000000000000000000000000000000000000000000000000000000000000000000000000000000000001
100100001110000000000000000000000000000000000000000000000000000000000000000000000000000000000000
10010001010100100011100110111011000011000000000000000000000000000000000000000100100011100100100000
100100011110000000000000000000000000000000000000000000000000000000000000000000000000000000000001
100100100110000000000000000000000000000000000000000000000000000000000000000000000000000000000001
100100101110000000000000000000000000000000000000000000000000000000000000000000000000000000000001
100100110110000000000000000000000000000000000000000000000000000000000000000000000000000000000001
100100111010000000000000000000000000000000000000000000000000000000011000000100101000100101001000
100101000110000000000000000000000000000000000000000000000000000000000000000000000000000000000001
100101001010000000000000000000000000000000000000000000000000000000111110001100101010100111111000
10010101010100101000000011011000010011000000000000000000000000000000000000000100101011100110100000
10010101110100010111111111000011000011100000000000000000000000000000000000000100101100100101101000
100101100110000000000000000000000000000000000000000000000000000000000000000000000000000000000001
100101101010000000000000000000000000000000000000000000000000000000110011000100101110100110001000
10010111010100011010000101010010011111000000000000000000000000000000000000000100101111100110000000
100101111110000000000000000000000000000000000000000000000000000000000000000000000000000000000000
100110000110000000000000000000000000000000000000000000000000000000000000000000000000000000000001
10011000110100011111111100101110010001010000000000000000000000000000000000000100110010100110011000
100110010110000000000000000000000000000000000000000000000000000000000000000000000000000000000001
100110011110000000000000000000000000000000000000000000000000000000000000000000000000000000000000
10011010010100111111111110000001010000000000000000000000000000000000000000000100110101100111010000
100110101010000000000000000000000000000000000000000000000000000000110011000100110110100110111000
100110110110000000000000000000000000000000000000000000000000000000000000000000000000000000000001
10011011110100101011111110011010001011000000000000000000000000000000000000000100111000100111001000
100111000110000000000000000000000000000000000000000000000000000000000000000000000000000000000001
100111001110000000000000000000000000000000000000000000000000000000000000000000000000000000000001
100111010010000000000000000000000000000000000000000000000000000000110011000100111011100111100000
100111011110000000000000000000000000000000000000000000000000000000000000000000000000000000000001
100111100010000000000000000000000000000000000000000000000000000000110011101100111101100111110000
100111101110000000000000000000000000000000000000000000000000000000000000000000000000000000000000
100111110110000000000000000000000000000000000000000000000000000000000000000000000000000000000001
100111111010000000000000000000000000000000000000000000000000000010100010100101000000101001101000
101000000010000000000000000000000000000000000000000000000000000001111101100101000001101000110000
10100000110100100010000011001000000100000000000000000000000000000000000000000101000010101000101000
101000010010000000000000000000000000000000000000000000000000000000111110101101000011101000100000
101000011110000000000000000000000000000000000000000000000000000000000000000000000000000000000000
101000100110000000000000000000000000000000000000000000000000000000000000000000000000000000000001
101000101110000000000000000000000000000000000000000000000000000000000000000000000000000000000001
101000110010000000000000000000000000000000000000000000000000000001111101101101000111101001010000
10100011110101000010110001110011000110000000000000000000000000000000000000000101001000101001001000
101001000110000000000000000000000000000000000000000000000000000000000000000000000000000000000000
101001001110000000000000000000000000000000000000000000000000000000000000000000000000000000000001
10100101010100100011101000111000101000100000000000000000000000000000000000000101001011101001100000
101001011110000000000000000000000000000000000000000000000000000000000000000000000000000000000001
101001100110000000000000000000000000000000000000000000000000000000000000000000000000000000000001
101001101110000000000000000000000000000000000000000000000000000000000000000000000000000000000001
101001110000000000000000000000000000000000001100011101100001100111001000000101001111101111000000
10100111110100100111111111111011001100000000000000000000000000000000000000000101010000101100101000
10101000010100010111111101110001100111010000000000000000000000000000000000000101010001101010010000
101010001110000000000000000000000000000000000000000000000000000000000000000000000000000000000001
10101001010100011111111110001001101100010000000000000000000000000000000000000101010011101011010000
10101001110100011010000011000110110010010000000000000000000000000000000000000101010100101011001000
101010100010000000000000000000000000000000000000000000000000000000011001111101010101101011000000
101010101010000000000000000000000000000000000000000000000000000000010011010101010110101010111000
101010110110000000000000000000000000000000000000000000000000000000000000000000000000000000000001
101010111110000000000000000000000000000000000000000000000000000000000000000000000000000000000000
101011000110000000000000000000000000000000000000000000000000000000000000000000000000000000000001
101011001110000000000000000000000000000000000000000000000000000000000000000000000000000000000001
10101101010100100011100110001110010101100000000000000000000000000000000000000101011011101100000000
101011011010000000000000000000000000000000000000000000000000000010100101101101011100101011111000
101011100010000000000000000000000000000000000000000000000000000000100101001101011101101011110000
101011101110000000000000000000000000000000000000000000000000000000000000000000000000000000000001
101011110110000000000000000000000000000000000000000000000000000000000000000000000000000000000000
101011111110000000000000000000000000000000000000000000000000000000000000000000000000000000000001
10110000010100100111110111001000100110000000000000000000000000000000000000000101100001101100010000
101100001110000000000000000000000000000000000000000000000000000000000000000000000000000000000001
10110001010100100111111100110101110110100000000000000000000000000000000000000101100011101100100000
101100011110000000000000000000000000000000000000000000000000000000000000000000000000000000000000
101100100110000000000000000000000000000000000000000000000000000000000000000000000000000000000000
10110010110101101000000010010010101101000000000000000000000000000000000000000101100110101110111000
10110011010100111111111111111101001000000000000000000000000000000000000000000101100111101101110000
10110011110100101011111001001101101111100000000000000000000000000000000000000101101000101101101000
10110100010100101011110111001000001011100000000000000000000000000000000000000101101001101101100000
101101001010000000000000000000000000000000000000000000000000000000110011110101101010101101011000
101101010110000000000000000000000000000000000000000000000000000000000000000000000000000000000001
101101011110000000000000000000000000000000000000000000000000000000000000000000000000000000000001
101101100110000000000000000000000000000000000000000000000000000000000000000000000000000000000000
101101101110000000000000000000000000000000000000000000000000000000000000000000000000000000000001
101101110010000000000000000000000000000000000000000000000000000000110010111101101111101110000000
101101111110000000000000000000000000000000000000000000000000000000000000000000000000000000000001
101110000010000000000000000000000000000000000000000000000000000000111110101101110001101110100000
101110001010000000000000000000000000000000000000000000000000000000110011110101110010101110011000
101110010110000000000000000000000000000000000000000000000000000000000000000000000000000000000000
101110011110000000000000000000000000000000000000000000000000000000000000000000000000000000000000
10111010010101000000000001101100110001000000000000000000000000000000000000000101110101101110110000
101110101110000000000000000000000000000000000000000000000000000000000000000000000000000000000000
101110110110000000000000000000000000000000000000000000000000000000000000000000000000000000000001
101110111110000000000000000000000000000000000000000000000000000000000000000000000000000000000001
101111000110000000000000000000000000000000000000000000000000000000000000000000000000000000000000
