000000000010000000000000000000000000000000000000000000000000000000011000000000000001000000010000
000000001110000000000000000000000000000000000000000000000000000000000000000000000000000000000001
000000010000000000000000000000000000000000001100011101100001100111001000000000000011010110100000
000000011000000000000000000000000000000000001100011101100001100110101000000000000100001010111000
000000100010000000000000000000000000000000000000000000000000000000111110101000000101000110110000
000000101010000000000000000000000000000000000000000000000000000000101111100000000110000011111000
000000110010000000000000000000000000000000000000000000000000000000011000100000000111000010000000
000000111010000000000000000000000000000000000000000000000000000000011000001000001000000001111000
00000100010100000000000000000000000000000001001111111011011001111110000000000000001001000001100000
00000100110100000000000000000000000000000000000000000000000000000000000010111000001010000001011000
000001010110000000000000000000000000000000000000000000000000000000000000000000000000000000000001
000001011110000000000000000000000000000000000000000000000000000000000000000000000000000000000001
00000110010100100100111011111010100001100000000000000000000000000000000000000000001101000001110000
000001101110000000000000000000000000000000000000000000000000000000000000000000000000000000000000
000001110110000000000000000000000000000000000000000000000000000000000000000000000000000000000001
000001111110000000000000000000000000000000000000000000000000000000000000000000000000000000000001
000010000010000000000000000000000000000000000000000000000000000000011111001000010001000011000000
000010001010000000000000000000000000000000000000000000000000000000011001001000010010000010101000
00001001010100011010110100110110110000100000000000000000000000000000000000000000010011000010100000
000010011110000000000000000000000000000000000000000000000000000000000000000000000000000000000000
000010100110000000000000000000000000000000000000000000000000000000000000000000000000000000000001
000010101010000000000000000000000000000000000000000000000000000000011110000000010110000010111000
000010110110000000000000000000000000000000000000000000000000000000000000000000000000000000000001
000010111110000000000000000000000000000000000000000000000000000000000000000000000000000000000000
00001100010100000000000000000000000000000000000000000000000000001001111101011000011001000011100000
00001100110100000000000000000000000000000000000000000000000000000111110011011000011010000011011000
000011010110000000000000000000000000000000000000000000000000000000000000000000000000000000000001
000011011110000000000000000000000000000000000000000000000000000000000000000000000000000000000000
00001110010100100011100000011110011101000000000000000000000000000000000000000000011101000011110000
000011101110000000000000000000000000000000000000000000000000000000000000000000000000000000000001
000011110110000000000000000000000000000000000000000000000000000000000000000000000000000000000001
00001111110101101000111011101101100011000000000000000000000000000000000000000000100000000101111000
00010000010100000000011111111010000001011011010000000000000000000000000000000000100001000101000000
00010000110100000000000001001100000000000110000001000000000000000000000000000000100010000100101000
00010001010100000000000000000000000000000000000000000000000000000000000000001000100011000100100000
000100011110000000000000000000000000000000000000000000000000000000000000000000000000000000000000
000100100110000000000000000000000000000000000000000000000000000000000000000000000000000000000000
000100101010000000000000000000000000000000000000000000000000000000111101000000100110000100111000
000100110110000000000000000000000000000000000000000000000000000000000000000000000000000000000001
000100111110000000000000000000000000000000000000000000000000000000000000000000000000000000000001
000101000010000000000000000000000000000000000000000000000000000000110010000000101001000101100000
00010100110100000010100000001101100000001110000000000000000000000000000000000000101010000101011000
000101010110000000000000000000000000000000000000000000000000000000000000000000000000000000000000
000101011110000000000000000000000000000000000000000000000000000000000000000000000000000000000001
00010110010100101000111001101001010000100000000000000000000000000000000000000000101101000101110000
000101101110000000000000000000000000000000000000000000000000000000000000000000000000000000000000
000101110110000000000000000000000000000000000000000000000000000000000000000000000000000000000000
000101111010000000000000000000000000000000000000000000000000000000110011001000110000000110101000
00011000010101101100000101100001100110000000000000000000000000000000000000000000110001000110100000
00011000110101101011010101000110110100000000000000000000000000000000000000000000110010000110011000
000110010110000000000000000000000000000000000000000000000000000000000000000000000000000000000001
000110011110000000000000000000000000000000000000000000000000000000000000000000000000000000000000
000110100110000000000000000000000000000000000000000000000000000000000000000000000000000000000001
000110101110000000000000000000000000000000000000000000000000000000000000000000000000000000000001
000110110010000000000000000000000000000000000000000000000000000001111111011000110111001000110000
000110111010000000000000000000000000000000000000000000000000000001011000010000111000000111001000
000111000110000000000000000000000000000000000000000000000000000000000000000000000000000000000001
00011100110100000000000000000000000000000000000000000000000000000000000000000000111010000111111000
000111010010000000000000000000000000000000000000000000000000000001100011011000111011000111100000
000111011110000000000000000000000000000000000000000000000000000000000000000000000000000000000001
000111100010000000000000000000000000000000000000000000000000000001110001011000111101000111110000
000111101110000000000000000000000000000000000000000000000000000000000000000000000000000000000000
000111110110000000000000000000000000000000000000000000000000000000000000000000000000000000000000
00011111110100000101000101110101010101001100000000000000000000000000000000000001000000001000011000
001000000010000000000000000000000000000000000000000000000000000001011000011001000001001000010000
001000001110000000000000000000000000000000000000000000000000000000000000000000000000000000000000
001000010110000000000000000000000000000000000000000000000000000000000000000000000000000000000001
00100001110101000000000001011100101000000000000000000000000000000000000000000001000100001000101000
001000100110000000000000000000000000000000000000000000000000000000000000000000000000000000000001
001000101110000000000000000000000000000000000000000000000000000000000000000000000000000000000001
00100011010100000000000000000000000000000000000000000000000000000000000000000001000111001001110000
001000111010000000000000000000000000000000000000000000000000000010010110000001001000001001001000
001001000110000000000000000000000000000000000000000000000000000000000000000000000000000000000001
001001001010000000000000000000000000000000000000000000000000000011101000001001001010001001101000
001001010010000000000000000000000000000000000000000000000000000010101000011001001011001001100000
001001011110000000000000000000000000000000000000000000000000000000000000000000000000000000000000
001001100110000000000000000000000000000000000000000000000000000000000000000000000000000000000001
001001101110000000000000000000000000000000000000000000000000000000000000000000000000000000000000
00100111010100100011100110010101101000000000000000000000000000000000000000000001001111001010110000
001001111010000000000000000000000000000000000000000000000000000010100101010001010000001010011000
001010000010000000000000000000000000000000000000000000000000000010011000000001010001001010010000
001010001110000000000000000000000000000000000000000000000000000000000000000000000000000000000001
001010010110000000000000000000000000000000000000000000000000000000000000000000000000000000000001
001010011010000000000000000000000000000000000000000000000000000011101110000001010100001010101000
001010100110000000000000000000000000000000000000000000000000000000000000000000000000000000000001
001010101110000000000000000000000000000000000000000000000000000000000000000000000000000000000001
001010110110000000000000000000000000000000000000000000000000000000000000000000000000000000000001
00101011110100100111111111111011001100000000000000000000000000000000000000000001011000010010001000
001011000010000000000000000000000000000000000000000000000000000000111100101001011001001111000000
001011001010000000000000000000000000000000000000000000000000000000101111100001011010001101001000
001011010000000000000000000000000000000000001100011101100001100110111000000001011011001100010000
00101101110100000000000000000000000000000000000000000000000000000111011010110001011100001011111000
001011100010000000000000000000000000000000000000000000000000000000011000110001011101001011110000
001011101110000000000000000000000000000000000000000000000000000000000000000000000000000000000000
001011110110000000000000000000000000000000000000000000000000000000000000000000000000000000000001
001011111010000000000000000000000000000000000000000000000000000000011111001001100000001100001000
001100000110000000000000000000000000000000000000000000000000000000000000000000000000000000000000
001100001110000000000000000000000000000000000000000000000000000000000000000000000000000000000001
001100010010000000000000000000000000000000000000000000000000000000011000101001100011001100110000
001100011010000000000000000000000000000000000000000000000000000000011000001001100100001100101000
001100100110000000000000000000000000000000000000000000000000000000000000000000000000000000000000
001100101110000000000000000000000000000000000000000000000000000000000000000000000000000000000000
001100110010000000000000000000000000000000000000000000000000000000011110000001100111001101000000
001100111110000000000000000000000000000000000000000000000000000000000000000000000000000000000001
001101000110000000000000000000000000000000000000000000000000000000000000000000000000000000000000
001101001010000000000000000000000000000000000000000000000000000000111100000001101010001110001000
00110101010100000000000000000000000000000000011111110001100100111100100000000001101011001101110000
00110101110100000000000000000000000000000000000000000000000000000000000000000001101100001101101000
001101100110000000000000000000000000000000000000000000000000000000000000000000000000000000000000
001101101110000000000000000000000000000000000000000000000000000000000000000000000000000000000001
00110111010100001000000111001111010011010000000000000000000000000000000000000001101111001110000000
001101111110000000000000000000000000000000000000000000000000000000000000000000000000000000000000
001110000110000000000000000000000000000000000000000000000000000000000000000000000000000000000000
001110001000000000000000000000000000000000001100011101100001100110111000000001110010001110101000
00111001010100000000000000000000000000000000000000000000010001000100111001011001110011001110100000
001110011110000000000000000000000000000000000000000000000000000000000000000000000000000000000001
001110100110000000000000000000000000000000000000000000000000000000000000000000000000000000000000
001110101010000000000000000000000000000000000000000000000000000000111100100001110110001110111000
001110110110000000000000000000000000000000000000000000000000000000000000000000000000000000000000
001110111110000000000000000000000000000000000000000000000000000000000000000000000000000000000000
001111000000000000000000000000000000000000001100011101100001100110111000000001111001010001000000
00111100110100000000000000000000000000000000000000000000000000000000000000000001111010010000001000
001111010010000000000000000000000000000000000000000000000000000010001101010001111011001111110000
001111011010000000000000000000000000000000000000000000000000000001100100110001111100001111101000
001111100110000000000000000000000000000000000000000000000000000000000000000000000000000000000000
001111101110000000000000000000000000000000000000000000000000000000000000000000000000000000000000
001111110010000000000000000000000000000000000000000000000000000010011101101001111111010000000000
001111111110000000000000000000000000000000000000000000000000000000000000000000000000000000000001
010000000110000000000000000000000000000000000000000000000000000000000000000000000000000000000000
010000001010000000000000000000000000000000000000000000000000000001111111011010000010010000101000
01000001010100000000000001010000000000000110000001000000000000000000000000000010000011010000100000
010000011110000000000000000000000000000000000000000000000000000000000000000000000000000000000001
010000100110000000000000000000000000000000000000000000000000000000000000000000000000000000000001
010000101010000000000000000000000000000000000000000000000000000010100101010010000110010000111000
010000110110000000000000000000000000000000000000000000000000000000000000000000000000000000000001
010000111110000000000000000000000000000000000000000000000000000000000000000000000000000000000001
01000100010100000000000000000000000000000000000000000000000000000000000000000010001001010001010000
010001001110000000000000000000000000000000000000000000000000000000000000000000000000000000000000
01000101010100011111111110001001101100010000000000000000000000000000000000000010001011010001110000
01000101110100000110100000111100001110101000000000000000000000000000000000000010001100010001101000
010001100110000000000000000000000000000000000000000000000000000000000000000000000000000000000001
010001101110000000000000000000000000000000000000000000000000000000000000000000000000000000000001
01000111010100100111110111001000100110000000000000000000000000000000000000000010001111010010000000
010001111110000000000000000000000000000000000000000000000000000000000000000000000000000000000000
010010000110000000000000000000000000000000000000000000000000000000000000000000000000000000000000
010010001000000000000000000000000000000000001100011101100001100110111000000010010010010100011000
010010010010000000000000000000000000000000000000000000000000000000111110001010010011010011110000
01001001110100111111111110000001010000000000000000000000000000000000000000000010010100010011001000
01001010010100101011111011011001010010100000000000000000000000000000000000000010010101010011000000
010010101010000000000000000000000000000000000000000000000000000000110010110010010110010010111000
010010110110000000000000000000000000000000000000000000000000000000000000000000000000000000000001
010010111110000000000000000000000000000000000000000000000000000000000000000000000000000000000001
010011000110000000000000000000000000000000000000000000000000000000000000000000000000000000000001
010011001010000000000000000000000000000000000000000000000000000000110011000010011010010011011000
010011010110000000000000000000000000000000000000000000000000000000000000000000000000000000000001
01001101110101101000001100111111010101000000000000000000000000000000000000000010011100010011101000
010011100110000000000000000000000000000000000000000000000000000000000000000000000000000000000000
010011101110000000000000000000000000000000000000000000000000000000000000000000000000000000000001
01001111010101000000000000100100000100000000000000000000000000000000000000000010011111010100010000
01001111110100111111111111010000011110000000000000000000000000000000000000000010100000010100001000
010100000110000000000000000000000000000000000000000000000000000000000000000000000000000000000001
010100001110000000000000000000000000000000000000000000000000000000000000000000000000000000000000
010100010110000000000000000000000000000000000000000000000000000000000000000000000000000000000001
010100011010000000000000000000000000000000000000000000000000000000111110001010100100010101101000
010100100010000000000000000000000000000000000000000000000000000000110011000010100101010100110000
010100101110000000000000000000000000000000000000000000000000000000000000000000000000000000000001
010100110010000000000000000000000000000000000000000000000000000000110011110010100111010101010000
01010011110101101011000000100101111000000000000000000000000000000000000000000010101000010101001000
010101000110000000000000000000000000000000000000000000000000000000000000000000000000000000000000
010101001110000000000000000000000000000000000000000000000000000000000000000000000000000000000001
01010101010101011001101101111001100101000000000000000000000000000000000000000010101011010101100000
010101011110000000000000000000000000000000000000000000000000000000000000000000000000000000000000
010101100110000000000000000000000000000000000000000000000000000000000000000000000000000000000001
01010110110101000000000011010100010010000000000000000000000000000000000000000010101110010110011000
010101110010000000000000000000000000000000000000000000000000000001111110110010101111010110010000
010101111010000000000000000000000000000000000000000000000000000001111101100010110000010110001000
010110000110000000000000000000000000000000000000000000000000000000000000000000000000000000000001
010110001110000000000000000000000000000000000000000000000000000000000000000000000000000000000000
010110010110000000000000000000000000000000000000000000000000000000000000000000000000000000000001
010110011110000000000000000000000000000000000000000000000000000000000000000000000000000000000001
01011010010100000000000000000010000000000000000000000010000000000000000000000010110101011010110000
010110101000000000000000000000000000000000001100011101100001100111011000000010110110011001011000
01011011010100000000000000000000000000000000000000000000000000000000000010011010110111010111000000
010110111110000000000000000000000000000000000000000000000000000000000000000000000000000000000000
010111000010000000000000000000000000000000000000000000000000000000011011101010111001011000000000
01011100110100000000000000000000000000000000000000111000000000010000010000100010111010010111111000
01011101010100000000000000000000000000000000000000000000000000010000000010000010111011010111100000
010111011110000000000000000000000000000000000000000000000000000000000000000000000000000000000001
01011110010100000000000000000000000000000000000000011100000000010000010000100010111101010111110000
010111101110000000000000000000000000000000000000000000000000000000000000000000000000000000000000
010111110110000000000000000000000000000000000000000000000000000000000000000000000000000000000001
010111111110000000000000000000000000000000000000000000000000000000000000000000000000000000000000
01100000010100000000000000000001111110000000100001001010000000000000000000000011000001011001000000
011000001010000000000000000000000000000000000000000000000000000001110011001011000010011000101000
011000010010000000000000000000000000000000000000000000000000000001101001001011000011011000100000
011000011110000000000000000000000000000000000000000000000000000000000000000000000000000000000000
011000100110000000000000000000000000000000000000000000000000000000000000000000000000000000000000
01100010110100000000000000000000000000111000100100000001011100000000000000000011000110011000111000
011000110110000000000000000000000000000000000000000000000000000000000000000000000000000000000001
011000111110000000000000000000000000000000000000000000000000000000000000000000000000000000000000
011001000010000000000000000000000000000000000000000000000000000010000110101011001001011001010000
011001001110000000000000000000000000000000000000000000000000000000000000000000000000000000000001
011001010110000000000000000000000000000000000000000000000000000000000000000000000000000000000000
011001011000000000000000000000000000000000001100011101100001100111111000000011001100011010101000
011001100000000000000000000000000000000000001100011101100001100111101000000011001101011001110000
011001101110000000000000000000000000000000000000000000000000000000000000000000000000000000000000
01100111010100000000000000000000000000000011100000000000000000000000000000000011001111011010000000
011001111110000000000000000000000000000000000000000000000000000000000000000000000000000000000000
011010000010000000000000000000000000000000000000000000000000000001101110001011010001011010010000
011010001110000000000000000000000000000000000000000000000000000000000000000000000000000000000000
011010010010000000000000000000000000000000000000000000000000000010001011101011010011011010100000
011010011110000000000000000000000000000000000000000000000000000000000000000000000000000000000000
011010100110000000000000000000000000000000000000000000000000000000000000000000000000000000000000
011010101110000000000000000000000000000000000000000000000000000000000000000000000000000000000000
011010110000000000000000000000000000000000001100011101100001100111101000000011010111011100010000
01101011110100000110100000100100011001010100000000000000000000000000000000000011011000011011001000
011011000110000000000000000000000000000000000000000000000000000000000000000000000000000000000000
011011001010000000000000000000000000000000000000000000000000000000111110011011011010011011011000
011011010110000000000000000000000000000000000000000000000000000000000000000000000000000000000000
01101101110100000110100011000100000101101000000000000000000000000000000000000011011100011011101000
011011100110000000000000000000000000000000000000000000000000000000000000000000000000000000000001
011011101010000000000000000000000000000000000000000000000000000001111101011011011110011100001000
01101111010100001111101001100000000111101000000000000000000000000000000000000011011111011100000000
011011111110000000000000000000000000000000000000000000000000000000000000000000000000000000000000
011100000110000000000000000000000000000000000000000000000000000000000000000000000000000000000000
011100001110000000000000000000000000000000000000000000000000000000000000000000000000000000000000
011100010110000000000000000000000000000000000000000000000000000000000000000000000000000000000000
