00000000010100010010000101010100110001010000000000000000000000000000000000000000000001010110110000
000000001010000000000000000000000000000000000000000000000000000001111010001000000010001111111000
000000010000000000000000000000000000000000001100011101100001100111001000000000000011001100000000
000000011000000000000000000000000000000000001100011101100001100110101000000000000100000110001000
000000100010000000000000000000000000000000000000000000000000000000011000100000000101000011000000
00000010110100000000011110110001100110000111000000000000000000000000000000000000000110000001111000
000000110010000000000000000000000000000000000000000000000000000000011000000000000111000001000000
000000111110000000000000000000000000000000000000000000000000000000000000000000000000000000000001
00000100010100000000000000000000000000000001001111111011011001111110000000000000001001000001100000
000001001010000000000000000000000000000000000000000000000000000000011000001000001010000001011000
000001010110000000000000000000000000000000000000000000000000000000000000000000000000000000000001
000001011110000000000000000000000000000000000000000000000000000000000000000000000000000000000001
00000110010100000000000000000000000000010001100111011110010110000000000000000000001101000001110000
000001101110000000000000000000000000000000000000000000000000000000000000000000000000000000000000
000001110110000000000000000000000000000000000000000000000000000000000000000000000000000000000000
000001111010000000000000000000000000000000000000000000000000000000011000000000010000000010001000
000010000110000000000000000000000000000000000000000000000000000000000000000000000000000000000001
00001000110100000111000011110011101101011100000000000000000000000000000000000000010010000010101000
00001001010100000010000000111111100110010101000000000000000000000000000000000000010011000010100000
000010011110000000000000000000000000000000000000000000000000000000000000000000000000000000000000
000010100110000000000000000000000000000000000000000000000000000000000000000000000000000000000001
00001010110100010000110001101110001010110000000000000000000000000000000000000000010110000010111000
000010110110000000000000000000000000000000000000000000000000000000000000000000000000000000000000
000010111110000000000000000000000000000000000000000000000000000000000000000000000000000000000000
00001100010100000000000000000000000000000000000000000000000000000000000000000000011001000100010000
000011001010000000000000000000000000000000000000000000000000000001110001011000011010000100001000
000011010010000000000000000000000000000000000000000000000000000001000000010000011011000011110000
000011011010000000000000000000000000000000000000000000000000000000111000001000011100000011101000
000011100110000000000000000000000000000000000000000000000000000000000000000000000000000000000000
000011101110000000000000000000000000000000000000000000000000000000000000000000000000000000000000
000011110010000000000000000000000000000000000000000000000000000001100011011000011111000100000000
000011111110000000000000000000000000000000000000000000000000000000000000000000000000000000000001
000100000110000000000000000000000000000000000000000000000000000000000000000000000000000000000000
000100001110000000000000000000000000000000000000000000000000000000000000000000000000000000000001
000100010010000000000000000000000000000000000000000000000000000000111100101000100011000101010000
00010001110100000000000000000000000000000000011111100100110100101111000000000000100100000100111000
00010010010100000000000000000000000000000000001111111000110010111100000000000000100101000100110000
000100101110000000000000000000000000000000000000000000000000000000000000000000000000000000000000
000100110110000000000000000000000000000000000000000000000000000000000000000000000000000000000001
00010011110100001001110000100010010010110000000000000000000000000000000000000000101000000101001000
000101000110000000000000000000000000000000000000000000000000000000000000000000000000000000000000
000101001110000000000000000000000000000000000000000000000000000000000000000000000000000000000000
00010101010100000000100000000001111010111001000000000000000000000000000000000000101011000101110000
00010101110100000000000000000000000000000000000000000111010101000000011110101000101100000101101000
000101100110000000000000000000000000000000000000000000000000000000000000000000000000000000000001
000101101110000000000000000000000000000000000000000000000000000000000000000000000000000000000001
000101110010000000000000000000000000000000000000000000000000000000111110101000101111000110000000
000101111110000000000000000000000000000000000000000000000000000000000000000000000000000000000000
000110000110000000000000000000000000000000000000000000000000000000000000000000000000000000000001
000110001000000000000000000000000000000000001100011101100001100110111000000000110010001000011000
000110010010000000000000000000000000000000000000000000000000000000011000000000110011000110100000
000110011110000000000000000000000000000000000000000000000000000000000000000000000000000000000001
00011010010100000000010000000000001010000100010000000000000000000000000000000000110101000111100000
000110101010000000000000000000000000000000000000000000000000000000011110000000110110000111001000
000110110010000000000000000000000000000000000000000000000000000000011000101000110111000111000000
000110111110000000000000000000000000000000000000000000000000000000000000000000000000000000000000
000111000110000000000000000000000000000000000000000000000000000000000000000000000000000000000001
00011100110100000000000000111001101010111000000010000000000000000000000000000000111010000111011000
000111010110000000000000000000000000000000000000000000000000000000000000000000000000000000000000
000111011110000000000000000000000000000000000000000000000000000000000000000000000000000000000001
000111100010000000000000000000000000000000000000000000000000000000111101001000111101001000000000
000111101010000000000000000000000000000000000000000000000000000000011000101000111110000111111000
000111110110000000000000000000000000000000000000000000000000000000000000000000000000000000000000
000111111110000000000000000000000000000000000000000000000000000000000000000000000000000000000000
001000000010000000000000000000000000000000000000000000000000000001111000000001000001001000010000
001000001110000000000000000000000000000000000000000000000000000000000000000000000000000000000001
001000010110000000000000000000000000000000000000000000000000000000000000000000000000000000000000
001000011010000000000000000000000000000000000000000000000000000000111100001001000100001010011000
001000100010000000000000000000000000000000000000000000000000000000011110000001000101001001100000
00100010110100000000000000001010010110111010110100111000000000000000000000000001000110001001001000
001000110010000000000000000000000000000000000000000000000000000000011000110001000111001001000000
001000111110000000000000000000000000000000000000000000000000000000000000000000000000000000000001
001001000110000000000000000000000000000000000000000000000000000000000000000000000000000000000001
001001001010000000000000000000000000000000000000000000000000000000011000000001001010001001011000
001001010110000000000000000000000000000000000000000000000000000000000000000000000000000000000001
001001011110000000000000000000000000000000000000000000000000000000000000000000000000000000000000
00100110010100001000010110000011111110001000000000000000000000000000000000000001001101001010000000
00100110110100000000010110010010111011101010100000000000000000000000000000000001001110001001111000
001001110110000000000000000000000000000000000000000000000000000000000000000000000000000000000000
001001111110000000000000000000000000000000000000000000000000000000000000000000000000000000000000
00101000010100001100010101101100100011001000000000000000000000000000000000000001010001001010010000
001010001110000000000000000000000000000000000000000000000000000000000000000000000000000000000001
001010010110000000000000000000000000000000000000000000000000000000000000000000000000000000000001
00101001110100000000000000000000010010011110000100001111000000000000000000000001010100001011001000
001010100010000000000000000000000000000000000000000000000000000001101001011001010101001011000000
00101010110100000000000000000000000000000000000000000000000000000000000000001001010110001010111000
001010110110000000000000000000000000000000000000000000000000000000000000000000000000000000000000
001010111110000000000000000000000000000000000000000000000000000000000000000000000000000000000000
001011000110000000000000000000000000000000000000000000000000000000000000000000000000000000000001
001011001010000000000000000000000000000000000000000000000000000001111000000001011010001011101000
001011010010000000000000000000000000000000000000000000000000000000111101010001011011001011100000
001011011110000000000000000000000000000000000000000000000000000000000000000000000000000000000001
001011100110000000000000000000000000000000000000000000000000000000000000000000000000000000000001
00101110110100000000100001101000110000011111100000000000000000000000000000000001011110001011111000
001011110110000000000000000000000000000000000000000000000000000000000000000000000000000000000001
001011111110000000000000000000000000000000000000000000000000000000000000000000000000000000000000
001100000010000000000000000000000000000000000000000000000000000000011011101001100001001101010000
001100001000000000000000000000000000000000001100011101100001100111011000000001100010001101001000
00110001010100000000000000000000000000000000000000111000000000010000010000100001100011001101000000
00110001110100000000000000000000000000000000000000000000000000010000000010000001100100001100101000
001100100110000000000000000000000000000000000000000000000000000000000000000000000000000000000001
00110010110100000000000000000000000000000000000000011100000000010000010000100001100110001100111000
001100110110000000000000000000000000000000000000000000000000000000000000000000000000000000000000
001100111110000000000000000000000000000000000000000000000000000000000000000000000000000000000001
001101000110000000000000000000000000000000000000000000000000000000000000000000000000000000000000
001101001110000000000000000000000000000000000000000000000000000000000000000000000000000000000000
00110101010100000000000000000010000000000000000000000010000000000000000000000001101011001111000000
001101011010000000000000000000000000000000000000000000000000000000101011111001101100001110011000
00110110010100000000000000000001000000000001000000000000000000000000000000000001101101001110000000
001101101010000000000000000000000000000000000000000000000000000000100111100001101110001101111000
001101110110000000000000000000000000000000000000000000000000000000000000000000000000000000000000
001101111110000000000000000000000000000000000000000000000000000000000000000000000000000000000001
001110000000000000000000000000000000000000001100011101100001100111011000000001110001001110010000
001110001110000000000000000000000000000000000000000000000000000000000000000000000000000000000001
001110010110000000000000000000000000000000000000000000000000000000000000000000000000000000000000
001110011010000000000000000000000000000000000000000000000000000001101001001001110100001110101000
001110100110000000000000000000000000000000000000000000000000000000000000000000000000000000000000
00111010110100000000000000000000000000000001000111000011110111010001100000000001110110001110111000
001110110110000000000000000000000000000000000000000000000000000000000000000000000000000000000000
001110111110000000000000000000000000000000000000000000000000000000000000000000000000000000000001
001111000000000000000000000000000000000000001100011101100001100111011000000001111001001111110000
00111100110100000101010010000000001000000100000000000000000000000000000000000001111010001111011000
001111010110000000000000000000000000000000000000000000000000000000000000000000000000000000000000
00111101110100000110110001101100000000000000000000000000000000000000000000000001111100001111101000
001111100110000000000000000000000000000000000000000000000000000000000000000000000000000000000001
001111101110000000000000000000000000000000000000000000000000000000000000000000000000000000000000
001111110110000000000000000000000000000000000000000000000000000000000000000000000000000000000000
00111111110100000000000000000000000000000000000000000000000000000000000000000010000000010001011000
010000000010000000000000000000000000000000000000000000000000000011101010111010000001010001010000
010000001010000000000000000000000000000000000000000000000000000010100110000010000010010001001000
010000010010000000000000000000000000000000000000000000000000000010000000000010000011010000100000
010000011110000000000000000000000000000000000000000000000000000000000000000000000000000000000000
010000100000000000000000000000000000000000001100011101100001100110111000000010000101010001000000
010000101010000000000000000000000000000000000000000000000000000010011101101010000110010000111000
010000110110000000000000000000000000000000000000000000000000000000000000000000000000000000000001
010000111110000000000000000000000000000000000000000000000000000000000000000000000000000000000000
010001000110000000000000000000000000000000000000000000000000000000000000000000000000000000000000
010001001110000000000000000000000000000000000000000000000000000000000000000000000000000000000001
010001010110000000000000000000000000000000000000000000000000000000000000000000000000000000000000
010001011010000000000000000000000000000000000000000000000000000010011110001010001100010101011000
010001100000000000000000000000000000000000001100011101100001100111011000000010001101010100000000
010001101000000000000000000000000000000000001100011101100001100111001000000010001110010011011000
010001110010000000000000000000000000000000000000000000000000000010011110000010001111010010110000
01000111110100000000000000000000000001110000011001101010010000000000000000000010010000010010011000
010010000010000000000000000000000000000000000000000000000000000001111111000010010001010010010000
010010001110000000000000000000000000000000000000000000000000000000000000000000000000000000000001
010010010110000000000000000000000000000000000000000000000000000000000000000000000000000000000001
010010011000000000000000000000000000000000001100011101100001100110111000000010010100010010101000
010010100110000000000000000000000000000000000000000000000000000000000000000000000000000000000001
010010101110000000000000000000000000000000000000000000000000000000000000000000000000000000000001
01001011010100000000101000111110000101001000000000000000000000000000000000000010010111010011000000
010010111110000000000000000000000000000000000000000000000000000000000000000000000000000000000001
01001100010100000101101101100000110010110101000000000000000000000000000000000010011001010011010000
010011001110000000000000000000000000000000000000000000000000000000000000000000000000000000000000
010011010110000000000000000000000000000000000000000000000000000000000000000000000000000000000001
010011011010000000000000000000000000000000000000000000000000000001111101101010011100010011111000
01001110010100000000000000000000000001010100010000000000000100000000000000000010011101010011110000
010011101110000000000000000000000000000000000000000000000000000000000000000000000000000000000001
010011110110000000000000000000000000000000000000000000000000000000000000000000000000000000000000
010011111110000000000000000000000000000000000000000000000000000000000000000000000000000000000000
010100000000000000000000000000000000000000001100011101100001100111101000000010100001010100100000
01010000110100001101111110001100001001100000000000000000000000000000000000000010100010010100011000
010100010110000000000000000000000000000000000000000000000000000000000000000000000000000000000000
010100011110000000000000000000000000000000000000000000000000000000000000000000000000000000000001
010100100010000000000000000000000000000000000000000000000000000001111101101010100101010101010000
010100101000000000000000000000000000000000001100011101100001100111111000000010100110010101001000
01010011010100000000000000000000010010001010000000000000000000000000000000000010100111010101000000
010100111110000000000000000000000000000000000000000000000000000000000000000000000000000000000001
010101000110000000000000000000000000000000000000000000000000000000000000000000000000000000000000
010101001110000000000000000000000000000000000000000000000000000000000000000000000000000000000000
010101010110000000000000000000000000000000000000000000000000000000000000000000000000000000000000
01010101110100010010000011111110101111110000000000000000000000000000000000000010101100010110101000
010101100010000000000000000000000000000000000000000000000000000011101110000010101101010101110000
010101101110000000000000000000000000000000000000000000000000000000000000000000000000000000000001
010101110000000000000000000000000000000000001100011101100001100111001000000010101111010110100000
010101111010000000000000000000000000000000000000000000000000000011101110011010110000010110011000
01011000010100000000000000000000011111101110111110000000110000000000000000000010110001010110010000
010110001110000000000000000000000000000000000000000000000000000000000000000000000000000000000001
010110010110000000000000000000000000000000000000000000000000000000000000000000000000000000000000
010110011110000000000000000000000000000000000000000000000000000000000000000000000000000000000001
010110100110000000000000000000000000000000000000000000000000000000000000000000000000000000000000
010110101110000000000000000000000000000000000000000000000000000000000000000000000000000000000000
01011011010100010111111111111011010010000000000000000000000000000000000000000010110111010111000000
010110111110000000000000000000000000000000000000000000000000000000000000000000000000000000000001
01011100010100100111111111111100100110100000000000000000000000000000000000000010111001011111010000
01011100110100100011011100111000001000000000000000000000000000000000000000000010111010011100001000
010111010000000000000000000000000000000000001100011101100001100110111000000010111011011010100000
01011101110100011001111100101001101001000000000000000000000000000000000000000010111100011000101000
01011110010100011000000000000110100011100000000000000000000000000000000000000010111101010111110000
010111101110000000000000000000000000000000000000000000000000000000000000000000000000000000000000
010111110000000000000000000000000000000000001100011101100001100110101000000010111111011000010000
01011111110100011000001110101010100001010000000000000000000000000000000000000011000000011000001000
011000000110000000000000000000000000000000000000000000000000000000000000000000000000000000000000
011000001110000000000000000000000000000000000000000000000000000000000000000000000000000000000000
01100001010100011000100110001110000100110000000000000000000000000000000000000011000011011000100000
011000011110000000000000000000000000000000000000000000000000000000000000000000000000000000000000
011000100110000000000000000000000000000000000000000000000000000000000000000000000000000000000000
01100010110100011111111111111001000010010000000000000000000000000000000000000011000110011001101000
01100011010100011010000000000100100010110000000000000000000000000000000000000011000111011001010000
011000111010000000000000000000000000000000000000000000000000000000011011000011001000011001001000
011001000110000000000000000000000000000000000000000000000000000000000000000000000000000000000000
011001001110000000000000000000000000000000000000000000000000000000000000000000000000000000000001
011001010010000000000000000000000000000000000000000000000000000000011000001011001011011001100000
011001011110000000000000000000000000000000000000000000000000000000000000000000000000000000000001
011001100110000000000000000000000000000000000000000000000000000000000000000000000000000000000001
011001101010000000000000000000000000000000000000000000000000000000111101010011001110011010001000
01100111010100100011000101010111011100000000000000000000000000000000000000000011001111011010000000
011001111110000000000000000000000000000000000000000000000000000000000000000000000000000000000000
011010000110000000000000000000000000000000000000000000000000000000000000000000000000000000000001
011010001010000000000000000000000000000000000000000000000000000010011001000011010010011010011000
011010010110000000000000000000000000000000000000000000000000000000000000000000000000000000000001
011010011110000000000000000000000000000000000000000000000000000000000000000000000000000000000001
011010100000000000000000000000000000000000001100011101100001100111001000000011010101011100000000
011010101010000000000000000000000000000000000000000000000000000000111111011011010110011011011000
011010110010000000000000000000000000000000000000000000000000000000010111111011010111011011000000
011010111110000000000000000000000000000000000000000000000000000000000000000000000000000000000001
01101100010100011010000000001010011110010000000000000000000000000000000000000011011001011011010000
011011001110000000000000000000000000000000000000000000000000000000000000000000000000000000000000
011011010110000000000000000000000000000000000000000000000000000000000000000000000000000000000000
01101101110100100000000100001100100000100000000000000000000000000000000000000011011100011011101000
011011100110000000000000000000000000000000000000000000000000000000000000000000000000000000000001
01101110110100100001000111010111110101000000000000000000000000000000000000000011011110011011111000
011011110110000000000000000000000000000000000000000000000000000000000000000000000000000000000000
011011111110000000000000000000000000000000000000000000000000000000000000000000000000000000000001
011100000110000000000000000000000000000000000000000000000000000000000000000000000000000000000000
011100001010000000000000000000000000000000000000000000000000000000111101010011100010011101111000
011100010010000000000000000000000000000000000000000000000000000000100101001011100011011100100000
011100011110000000000000000000000000000000000000000000000000000000000000000000000000000000000001
011100100000000000000000000000000000000000001100011101100001100110111000000011100101011101010000
01110010110100100011100000100111101001100000000000000000000000000000000000000011100110011100111000
011100110110000000000000000000000000000000000000000000000000000000000000000000000000000000000000
01110011110100100111111000110000011110100000000000000000000000000000000000000011101000011101001000
011101000110000000000000000000000000000000000000000000000000000000000000000000000000000000000001
011101001110000000000000000000000000000000000000000000000000000000000000000000000000000000000000
011101010000000000000000000000000000000000001100011101100001100111001000000011101011011101110000
01110101110100100011100101011000010101100000000000000000000000000000000000000011101100011101101000
011101100110000000000000000000000000000000000000000000000000000000000000000000000000000000000000
011101101110000000000000000000000000000000000000000000000000000000000000000000000000000000000000
011101110110000000000000000000000000000000000000000000000000000000000000000000000000000000000000
011101111000000000000000000000000000000000001100011101100001100111001000000011110000011111001000
011110000010000000000000000000000000000000000000000000000000000010100010011011110001011110010000
011110001110000000000000000000000000000000000000000000000000000000000000000000000000000000000001
011110010000000000000000000000000000000000001100011101100001100110111000000011110011011110110000
011110011010000000000000000000000000000000000000000000000000000010100010100011110100011110101000
011110100110000000000000000000000000000000000000000000000000000000000000000000000000000000000000
011110101110000000000000000000000000000000000000000000000000000000000000000000000000000000000001
011110110010000000000000000000000000000000000000000000000000000010100010111011110111011111000000
011110111110000000000000000000000000000000000000000000000000000000000000000000000000000000000000
011111000110000000000000000000000000000000000000000000000000000000000000000000000000000000000001
011111001110000000000000000000000000000000000000000000000000000000000000000000000000000000000000
011111010010000000000000000000000000000000000000000000000000000000111110001011111011100011100000
011111011010000000000000000000000000000000000000000000000000000000110011000011111100100001001000
011111100000000000000000000000000000000000001100011101100001100111001000000011111101100001000000
011111101010000000000000000000000000000000000000000000000000000000011111001011111110100000011000
011111110010000000000000000000000000000000000000000000000000000000011111000011111111100000000000
011111111110000000000000000000000000000000000000000000000000000000000000000000000000000000000001
100000000000000000000000000000000000000000001100011101100001100110101000000100000001100000010000
100000001110000000000000000000000000000000000000000000000000000000000000000000000000000000000000
100000010110000000000000000000000000000000000000000000000000000000000000000000000000000000000001
10000001110100101011011101110111101011100000000000000000000000000000000000000100000100100000101000
100000100110000000000000000000000000000000000000000000000000000000000000000000000000000000000001
100000101000000000000000000000000000000000001100011101100001100110101000000100000110100000111000
100000110110000000000000000000000000000000000000000000000000000000000000000000000000000000000001
100000111110000000000000000000000000000000000000000000000000000000000000000000000000000000000001
100001000110000000000000000000000000000000000000000000000000000000000000000000000000000000000000
10000100110100111111111101010111111110000000000000000000000000000000000000000100001010100010001000
100001010010000000000000000000000000000000000000000000000000000000110011101100001011100010000000
10000101110100101100000000101100100010000000000000000000000000000000000000000100001100100001111000
10000110010100101001110011101010010110000000000000000000000000000000000000000100001101100001110000
100001101110000000000000000000000000000000000000000000000000000000000000000000000000000000000000
100001110110000000000000000000000000000000000000000000000000000000000000000000000000000000000000
100001111110000000000000000000000000000000000000000000000000000000000000000000000000000000000001
100010000110000000000000000000000000000000000000000000000000000000000000000000000000000000000001
100010001010000000000000000000000000000000000000000000000000000000110011101100010010100010111000
10001001010101101100111111101101111000000000000000000000000000000000000000000100010011100010110000
10001001110101101001001110000111101111000000000000000000000000000000000000000100010100100010101000
100010100110000000000000000000000000000000000000000000000000000000000000000000000000000000000000
100010101110000000000000000000000000000000000000000000000000000000000000000000000000000000000000
100010110110000000000000000000000000000000000000000000000000000000000000000000000000000000000001
10001011110101010111000011110110110101000000000000000000000000000000000000000100011000100011011000
100011000010000000000000000000000000000000000000000000000000000000111110000100011001100011010000
100011001110000000000000000000000000000000000000000000000000000000000000000000000000000000000001
100011010110000000000000000000000000000000000000000000000000000000000000000000000000000000000000
100011011110000000000000000000000000000000000000000000000000000000000000000000000000000000000001
100011100000000000000000000000000000000000001100011101100001100111001000000100011101100101100000
10001110110101000000000000100100000100000000000000000000000000000000000000000100011110100101011000
100011110000000000000000000000000000000000001100011101100001100110111000000100011111100100110000
100011111000000000000000000000000000000000001100011101100001100110101000000100100000100100011000
100100000010000000000000000000000000000000000000000000000000000001111101110100100001100100010000
100100001110000000000000000000000000000000000000000000000000000000000000000000000000000000000001
100100010110000000000000000000000000000000000000000000000000000000000000000000000000000000000001
10010001110100111111111111010000011110000000000000000000000000000000000000000100100100100100101000
100100100110000000000000000000000000000000000000000000000000000000000000000000000000000000000001
100100101110000000000000000000000000000000000000000000000000000000000000000000000000000000000000
100100110010000000000000000000000000000000000000000000000000000001111110101100100111100101010000
10010011110100111111111101010110000010000000000000000000000000000000000000000100101000100101001000
100101000110000000000000000000000000000000000000000000000000000000000000000000000000000000000001
100101001110000000000000000000000000000000000000000000000000000000000000000000000000000000000000
100101010110000000000000000000000000000000000000000000000000000000000000000000000000000000000001
100101011110000000000000000000000000000000000000000000000000000000000000000000000000000000000001
100101100110000000000000000000000000000000000000000000000000000000000000000000000000000000000000
