000000000010000000000000000000000000000000000000000000000000000000011000000000000001000000010000
000000001110000000000000000000000000000000000000000000000000000000000000000000000000000000000001
000000010010000000000000000000000000000000000000000000000000000000111110011000000011010001000000
000000011010000000000000000000000000000000000000000000000000000000101111100000000100001010101000
000000100000000000000000000000000000000000001100011101100001100110101000000000000101000110100000
00000010110100000000000000000000000000000000000000000000000000000111101111100000000110000011001000
00000011010100000000000000000000000000000000000000000000000000000000000000001000000111000001110000
000000111010000000000000000000000000000000000000000000000000000000011000100000001000000001011000
000001000010000000000000000000000000000000000000000000000000000000011000001000001001000001010000
000001001110000000000000000000000000000000000000000000000000000000000000000000000000000000000001
000001010110000000000000000000000000000000000000000000000000000000000000000000000000000000000001
000001011010000000000000000000000000000000000000000000000000000000011000101000001100000001101000
000001100110000000000000000000000000000000000000000000000000000000000000000000000000000000000000
000001101110000000000000000000000000000000000000000000000000000000000000000000000000000000000001
00000111010100000000000000000000000000000000000000000000000000000000000001100000001111000010100000
00000111110100000000000000000000000000000000000000000000000000000000000000010000010000000010001000
000010000110000000000000000000000000000000000000000000000000000000000000000000000000000000000000
00001000110100000000000000000000000000000000000000000000000000000000000001010000010010000010011000
000010010110000000000000000000000000000000000000000000000000000000000000000000000000000000000001
000010011110000000000000000000000000000000000000000000000000000000000000000000000000000000000000
000010100010000000000000000000000000000000000000000000000000000000011110001000010101000011000000
00001010110100000000000000000000000000000000000000000000000000000000001000001000010110000010111000
000010110110000000000000000000000000000000000000000000000000000000000000000000000000000000000000
000010111110000000000000000000000000000000000000000000000000000000000000000000000000000000000001
000011000110000000000000000000000000000000000000000000000000000000000000000000000000000000000001
00001100110100100011100000011110011101000000000000000000000000000000000000000000011010000101001000
000011010010000000000000000000000000000000000000000000000000000000011111001000011011000100010000
000011011010000000000000000000000000000000000000000000000000000000011001001000011100000011111000
00001110010100011010011111000111001100100000000000000000000000000000000000000000011101000011110000
000011101110000000000000000000000000000000000000000000000000000000000000000000000000000000000000
000011110110000000000000000000000000000000000000000000000000000000000000000000000000000000000001
000011111010000000000000000000000000000000000000000000000000000000011110000000100000000100001000
000100000110000000000000000000000000000000000000000000000000000000000000000000000000000000000001
000100001110000000000000000000000000000000000000000000000000000000000000000000000000000000000000
000100010010000000000000000000000000000000000000000000000000000000100110100000100011000100110000
00010001110100100011001111001111001110100000000000000000000000000000000000000000100100000100101000
000100100110000000000000000000000000000000000000000000000000000000000000000000000000000000000001
000100101110000000000000000000000000000000000000000000000000000000000000000000000000000000000000
00010011010100000000000000000000000000000010001111111001110011000000000000000000100111000101000000
000100111110000000000000000000000000000000000000000000000000000000000000000000000000000000000001
000101000110000000000000000000000000000000000000000000000000000000000000000000000000000000000001
000101001010000000000000000000000000000000000000000000000000000000011111001000101010000101111000
00010101010100111110111011100011000110100000000000000000000000000000000000000000101011000101110000
00010101110100111101100000101010000101000000000000000000000000000000000000000000101100000101101000
000101100110000000000000000000000000000000000000000000000000000000000000000000000000000000000001
000101101110000000000000000000000000000000000000000000000000000000000000000000000000000000000000
000101110110000000000000000000000000000000000000000000000000000000000000000000000000000000000001
00010111110100101011011101110111101011100000000000000000000000000000000000000000110000000110001000
000110000110000000000000000000000000000000000000000000000000000000000000000000000000000000000001
000110001010000000000000000000000000000000000000000000000000000000100101010000110010000110011000
000110010110000000000000000000000000000000000000000000000000000000000000000000000000000000000001
000110011110000000000000000000000000000000000000000000000000000000000000000000000000000000000001
000110100000000000000000000000000000000000001100011101100001100111011000000000110101001010100000
000110101000000000000000000000000000000000001100011101100001100110111000000000110110001000101000
00011011010100000000000000000000000000000000000000000000000000000111111101110000110111000111110000
000110111010000000000000000000000000000000000000000000000000000000011000101000111000000111011000
00011100010100000000000000000000000000000000000000000000000000000000000111000000111001000111010000
000111001110000000000000000000000000000000000000000000000000000000000000000000000000000000000000
000111010110000000000000000000000000000000000000000000000000000000000000000000000000000000000001
00011101110100000000000000000000000000000000000000000000000000000000000001011000111100000111101000
000111100110000000000000000000000000000000000000000000000000000000000000000000000000000000000001
000111101110000000000000000000000000000000000000000000000000000000000000000000000000000000000001
00011111010100011010000110100101110011100000000000000000000000000000000000000000111111001000010000
000111111010000000000000000000000000000000000000000000000000000000011111001001000000001000001000
001000000110000000000000000000000000000000000000000000000000000000000000000000000000000000000000
001000001110000000000000000000000000000000000000000000000000000000000000000000000000000000000001
00100001010100100011100011010110111011000000000000000000000000000000000000000001000011001000100000
001000011110000000000000000000000000000000000000000000000000000000000000000000000000000000000001
001000100110000000000000000000000000000000000000000000000000000000000000000000000000000000000001
00100010110100000000000000000000000000000000000000000000000000000101101011011001000110001001101000
001000110010000000000000000000000000000000000000000000000000000000100110001001000111001001010000
001000111000000000000000000000000000000000001100011101100001100111001000000001001000001001001000
001001000110000000000000000000000000000000000000000000000000000000000000000000000000000000000001
001001001110000000000000000000000000000000000000000000000000000000000000000000000000000000000001
001001010000000000000000000000000000000000001100011101100001100111001000000001001011001001100000
001001011110000000000000000000000000000000000000000000000000000000000000000000000000000000000001
001001100110000000000000000000000000000000000000000000000000000000000000000000000000000000000000
00100110110100100100000011010111010000100000000000000000000000000000000000000001001110001010001000
001001110010000000000000000000000000000000000000000000000000000000100110100001001111001010000000
001001111110000000000000000000000000000000000000000000000000000000000000000000000000000000000000
001010000110000000000000000000000000000000000000000000000000000000000000000000000000000000000001
001010001000000000000000000000000000000000001100011101100001100111001000000001010010001010011000
001010010110000000000000000000000000000000000000000000000000000000000000000000000000000000000001
001010011110000000000000000000000000000000000000000000000000000000000000000000000000000000000000
001010100110000000000000000000000000000000000000000000000000000000000000000000000000000000000000
001010101000000000000000000000000000000000001100011101100001100111001000000001010110010000111000
001010110000000000000000000000000000000000001100011101100001100110111000000001010111001110000000
00101011110101101000111010010100001010000000000000000000000000000000000000000001011000001100111000
001011000000000000000000000000000000000000001100011101100001100110101000000001011001001100000000
001011001010000000000000000000000000000000000000000000000000000000111100101001011010001011101000
00101101010100101000000110011110110000100000000000000000000000000000000000000001011011001011100000
001011011110000000000000000000000000000000000000000000000000000000000000000000000000000000000000
001011100110000000000000000000000000000000000000000000000000000000000000000000000000000000000000
001011101010000000000000000000000000000000000000000000000000000000111110000001011110001011111000
001011110110000000000000000000000000000000000000000000000000000000000000000000000000000000000001
001011111110000000000000000000000000000000000000000000000000000000000000000000000000000000000000
001100000010000000000000000000000000000000000000000000000000000000111100101001100001001100100000
001100001010000000000000000000000000000000000000000000000000000000110100001001100010001100011000
001100010110000000000000000000000000000000000000000000000000000000000000000000000000000000000000
001100011110000000000000000000000000000000000000000000000000000000000000000000000000000000000000
00110010010100000000000001010000000000000110000001000000000000000000000000000001100101001100110000
001100101110000000000000000000000000000000000000000000000000000000000000000000000000000000000001
001100110110000000000000000000000000000000000000000000000000000000000000000000000000000000000000
00110011110101101100000000011100101011000000000000000000000000000000000000000001101000001101111000
001101000000000000000000000000000000000000001100011101100001100110101000000001101001001101100000
001101001010000000000000000000000000000000000000000000000000000000110011010001101010001101011000
001101010110000000000000000000000000000000000000000000000000000000000000000000000000000000000001
001101011110000000000000000000000000000000000000000000000000000000000000000000000000000000000001
001101100010000000000000000000000000000000000000000000000000000000110011011001101101001101110000
001101101110000000000000000000000000000000000000000000000000000000000000000000000000000000000001
001101110110000000000000000000000000000000000000000000000000000000000000000000000000000000000001
001101111110000000000000000000000000000000000000000000000000000000000000000000000000000000000001
001110000010000000000000000000000000000000000000000000000000000000111100110001110001001111010000
00111000110101101000010110001111000110000000000000000000000000000000000000000001110010001111001000
00111001010100101000100110100110110010000000000000000000000000000000000000000001110011001110110000
00111001110100000000000000000000000000000000011110101111110000110110100000000001110100001110101000
001110100110000000000000000000000000000000000000000000000000000000000000000000000000000000000000
001110101110000000000000000000000000000000000000000000000000000000000000000000000000000000000000
00111011010100111111101111000010001001000000000000000000000000000000000000000001110111001111000000
001110111110000000000000000000000000000000000000000000000000000000000000000000000000000000000001
001111000110000000000000000000000000000000000000000000000000000000000000000000000000000000000000
001111001110000000000000000000000000000000000000000000000000000000000000000000000000000000000001
00111101010100000000000001010100000000000110000000000000000000000000000000000001111011010000010000
001111011010000000000000000000000000000000000000000000000000000000111110010001111100001111111000
001111100010000000000000000000000000000000000000000000000000000000111101001001111101001111110000
001111101110000000000000000000000000000000000000000000000000000000000000000000000000000000000001
001111110110000000000000000000000000000000000000000000000000000000000000000000000000000000000001
00111111110100000000000000000000000000000000000000000010001000110011011110111010000000010000001000
010000000110000000000000000000000000000000000000000000000000000000000000000000000000000000000000
010000001110000000000000000000000000000000000000000000000000000000000000000000000000000000000001
01000001010101011011111001000001101010000000000000000000000000000000000000000010000011010000110000
010000011010000000000000000000000000000000000000000000000000000000111110001010000100010000101000
010000100110000000000000000000000000000000000000000000000000000000000000000000000000000000000000
010000101110000000000000000000000000000000000000000000000000000000000000000000000000000000000001
010000110110000000000000000000000000000000000000000000000000000000000000000000000000000000000001
010000111110000000000000000000000000000000000000000000000000000000000000000000000000000000000000
010001000000000000000000000000000000000000001100011101100001100111001000000010001001011010110000
010001001000000000000000000000000000000000001100011101100001100110111000000010001010010111001000
01000101010100000000000000000000000000000000000000000000000000000000000000000010001011010011100000
010001011000000000000000000000000000000000001100011101100001100110101000000010001100010010101000
010001100010000000000000000000000000000000000000000000000000000001100011011010001101010001110000
010001101110000000000000000000000000000000000000000000000000000000000000000000000000000000000001
010001110010000000000000000000000000000000000000000000000000000010000000000010001111010010010000
010001111010000000000000000000000000000000000000000000000000000001110001011010010000010010001000
010010000110000000000000000000000000000000000000000000000000000000000000000000000000000000000000
010010001110000000000000000000000000000000000000000000000000000000000000000000000000000000000000
010010010010000000000000000000000000000000000000000000000000000010010110000010010011010010100000
010010011110000000000000000000000000000000000000000000000000000000000000000000000000000000000001
010010100110000000000000000000000000000000000000000000000000000000000000000000000000000000000000
010010101010000000000000000000000000000000000000000000000000000001100100110010010110010010111000
010010110110000000000000000000000000000000000000000000000000000000000000000000000000000000000001
010010111010000000000000000000000000000000000000000000000000000010001101010010011000010011001000
010011000110000000000000000000000000000000000000000000000000000000000000000000000000000000000000
010011001010000000000000000000000000000000000000000000000000000010011101101010011010010011011000
010011010110000000000000000000000000000000000000000000000000000000000000000000000000000000000001
010011011110000000000000000000000000000000000000000000000000000000000000000000000000000000000000
010011100010000000000000000000000000000000000000000000000000000001111111011010011101010101100000
010011101010000000000000000000000000000000000000000000000000000001111101100010011110010100101000
01001111010100001001011110010110111111110000000000000000000000000000000000000010011111010100010000
010011111000000000000000000000000000000000001100011101100001100110101000000010100000010100001000
010100000110000000000000000000000000000000000000000000000000000000000000000000000000000000000001
010100001110000000000000000000000000000000000000000000000000000000000000000000000000000000000001
010100010010000000000000000000000000000000000000000000000000000001111101000010100011010100100000
010100011110000000000000000000000000000000000000000000000000000000000000000000000000000000000001
010100100110000000000000000000000000000000000000000000000000000000000000000000000000000000000001
010100101010000000000000000000000000000000000000000000000000000001111101101010100110010101001000
01010011010100111110000110001110011000100000000000000000000000000000000000000010100111010101000000
010100111110000000000000000000000000000000000000000000000000000000000000000000000000000000000001
010101000110000000000000000000000000000000000000000000000000000000000000000000000000000000000000
010101001010000000000000000000000000000000000000000000000000000001111111000010101010010101011000
010101010110000000000000000000000000000000000000000000000000000000000000000000000000000000000001
010101011110000000000000000000000000000000000000000000000000000000000000000000000000000000000000
010101100010000000000000000000000000000000000000000000000000000010100101010010101101010110100000
010101101000000000000000000000000000000000001100011101100001100110101000000010101110010110001000
010101110010000000000000000000000000000000000000000000000000000010011000000010101111010110000000
010101111110000000000000000000000000000000000000000000000000000000000000000000000000000000000001
010110000110000000000000000000000000000000000000000000000000000000000000000000000000000000000001
010110001010000000000000000000000000000000000000000000000000000010011000000010110010010110011000
010110010110000000000000000000000000000000000000000000000000000000000000000000000000000000000001
010110011110000000000000000000000000000000000000000000000000000000000000000000000000000000000001
01011010010100000000000000000010000000000010001111011110000000000000000000000010110101010111000000
010110101010000000000000000000000000000000000000000000000000000011101110000010110110010110111000
010110110110000000000000000000000000000000000000000000000000000000000000000000000000000000000001
010110111110000000000000000000000000000000000000000000000000000000000000000000000000000000000001
010111000110000000000000000000000000000000000000000000000000000000000000000000000000000000000001
010111001010000000000000000000000000000000000000000000000000000001011000010010111010011000111000
01011101010100000010001011111111100010001110000000000000000000000000000000000010111011011000000000
010111011010000000000000000000000000000000000000000000000000000000111110101010111100010111111000
01011110010100000000010000000100000000000001000000000011111101111110110100000010111101010111110000
010111101110000000000000000000000000000000000000000000000000000000000000000000000000000000000001
010111110110000000000000000000000000000000000000000000000000000000000000000000000000000000000000
010111111110000000000000000000000000000000000000000000000000000000000000000000000000000000000001
011000000010000000000000000000000000000000000000000000000000000000111110101011000001011000110000
011000001010000000000000000000000000000000000000000000000000000000111110100011000010011000011000
011000010110000000000000000000000000000000000000000000000000000000000000000000000000000000000001
01100001110100001100100001001000000000001000000000000000000000000000000000000011000100011000101000
011000100110000000000000000000000000000000000000000000000000000000000000000000000000000000000001
011000101110000000000000000000000000000000000000000000000000000000000000000000000000000000000000
011000110110000000000000000000000000000000000000000000000000000000000000000000000000000000000001
01100011110100000000000000000000000000000000000000000000000000000000000000000011001000011001001000
011001000110000000000000000000000000000000000000000000000000000000000000000000000000000000000000
011001001010000000000000000000000000000000000000000000000000000001111010001011001010011001111000
01100101010100000011111100100001110101001100000000000000000000000000000000000011001011011001110000
011001011010000000000000000000000000000000000000000000000000000001111000000011001100011001101000
011001100110000000000000000000000000000000000000000000000000000000000000000000000000000000000000
011001101110000000000000000000000000000000000000000000000000000000000000000000000000000000000000
011001110110000000000000000000000000000000000000000000000000000000000000000000000000000000000001
01100111110100000000000000000000000001110000011101001110000111000000000000000011010000011010011000
01101000010100000000000000000000000000000000000000000000000000000001010000000011010001011010010000
011010001110000000000000000000000000000000000000000000000000000000000000000000000000000000000001
011010010110000000000000000000000000000000000000000000000000000000000000000000000000000000000001
011010011010000000000000000000000000000000000000000000000000000001111101100011010100011010101000
011010100110000000000000000000000000000000000000000000000000000000000000000000000000000000000001
011010101110000000000000000000000000000000000000000000000000000000000000000000000000000000000001
011010110000000000000000000000000000000000001100011101100001100111011000000011010111011101000000
01101011110100000000000000000000000000000011110110010000000100001110000000000011011000011100001000
011011000010000000000000000000000000000000000000000000000000000001110011001011011001011011110000
011011001010000000000000000000000000000000000000000000000000000001101001001011011010011011011000
011011010110000000000000000000000000000000000000000000000000000000000000000000000000000000000000
01101101110100000000000000000000000000000001000111000001101101010001010111000011011100011011101000
011011100110000000000000000000000000000000000000000000000000000000000000000000000000000000000000
011011101110000000000000000000000000000000000000000000000000000000000000000000000000000000000001
01101111010100000000000000000000000000000000010000000000000000000000100111000011011111011100000000
011011111110000000000000000000000000000000000000000000000000000000000000000000000000000000000000
011100000110000000000000000000000000000000000000000000000000000000000000000000000000000000000001
011100001010000000000000000000000000000000000000000000000000000001001011100011100010011100111000
01110001010100000100010011000000000000000010000000000000000000000000000000000011100011011100100000
011100011110000000000000000000000000000000000000000000000000000000000000000000000000000000000000
01110010010100000110110001101100000000000000000000000000000000000000000000000011100101011100110000
011100101110000000000000000000000000000000000000000000000000000000000000000000000000000000000001
011100110110000000000000000000000000000000000000000000000000000000000000000000000000000000000000
011100111110000000000000000000000000000000000000000000000000000000000000000000000000000000000000
011101000010000000000000000000000000000000000000000000000000000001111011101011101001011101010000
011101001110000000000000000000000000000000000000000000000000000000000000000000000000000000000000
011101010000000000000000000000000000000000001100011101100001100111101000000011101011011110000000
01110101110100001101111110001100001001100000000000000000000000000000000000000011101100011101101000
011101100110000000000000000000000000000000000000000000000000000000000000000000000000000000000000
01110110110100010000001010100100111101111000000000000000000000000000000000000011101110011101111000
011101110110000000000000000000000000000000000000000000000000000000000000000000000000000000000001
011101111110000000000000000000000000000000000000000000000000000000000000000000000000000000000000
011110000000000000000000000000000000000000001100011101100001100111111000000011110001011110110000
01111000110100000000000000000000000000111010110100000001011100000000000000000011110010011110101000
01111001010100000000000000000000000000000010100000000000000000000000100000000011110011011110100000
011110011110000000000000000000000000000000000000000000000000000000000000000000000000000000000000
011110100110000000000000000000000000000000000000000000000000000000000000000000000000000000000001
011110101110000000000000000000000000000000000000000000000000000000000000000000000000000000000000
011110110110000000000000000000000000000000000000000000000000000000000000000000000000000000000000
