000000000000000000000000000000000000000000001100011101100001100111001000000000000001011001100000
000000001010000000000000000000000000000000000000000000000000000000011000000000000010000000011000
000000010110000000000000000000000000000000000000000000000000000000000000000000000000000000000001
000000011000000000000000000000000000000000001100011101100001100110101000000000000100001011011000
00000010010100101000110111001001010011000000000000000000000000000000000000000000000101000111100000
00000010110100000000000000000000000000000000000000001000000011000000010111100000000110000011101000
00000011010100000000000000000000000000000000000000000000110000101101010101000000000111000010100000
00000011110100000000000000000000000000000000000000000000000001111111111101010000001000000001111000
00000100010100000000000000000000000000000000000000000000000000000000000000010000001001000001100000
00000100110100000000000000000000000000000000000000000000000000000000000000001000001010000001011000
000001010110000000000000000000000000000000000000000000000000000000000000000000000000000000000001
000001011110000000000000000000000000000000000000000000000000000000000000000000000000000000000000
000001100010000000000000000000000000000000000000000000000000000000100110100000001101000001110000
000001101110000000000000000000000000000000000000000000000000000000000000000000000000000000000001
000001110110000000000000000000000000000000000000000000000000000000000000000000000000000000000001
000001111010000000000000000000000000000000000000000000000000000000111111000000010000000010011000
00001000010100000000000000000000000000000000000000000000101001110101010010100000010001000010010000
000010001110000000000000000000000000000000000000000000000000000000000000000000000000000000000000
000010010110000000000000000000000000000000000000000000000000000000000000000000000000000000000000
000010011110000000000000000000000000000000000000000000000000000000000000000000000000000000000001
000010100010000000000000000000000000000000000000000000000000000001101001011000010101000011100000
000010101010000000000000000000000000000000000000000000000000000001101000111000010110000011001000
000010110010000000000000000000000000000000000000000000000000000000110011110000010111000011000000
000010111110000000000000000000000000000000000000000000000000000000000000000000000000000000000001
000011000110000000000000000000000000000000000000000000000000000000000000000000000000000000000001
00001100110100000000000000000000000000000000000000000010111100101001100011011000011010000011011000
000011010110000000000000000000000000000000000000000000000000000000000000000000000000000000000001
000011011110000000000000000000000000000000000000000000000000000000000000000000000000000000000000
000011100110000000000000000000000000000000000000000000000000000000000000000000000000000000000001
00001110110100000000001111111111100010001000100000000000000000000000000000000000011110000101101000
000011110010000000000000000000000000000000000000000000000000000000111100001000011111000100110000
00001111110100000000000000000000000000000000011111100100110100101111000000000000100000000100011000
000100000010000000000000000000000000000000000000000000000000000000011110000000100001000100010000
000100001110000000000000000000000000000000000000000000000000000000000000000000000000000000000001
000100010110000000000000000000000000000000000000000000000000000000000000000000000000000000000000
000100011010000000000000000000000000000000000000000000000000000000110000011000100100000100101000
000100100110000000000000000000000000000000000000000000000000000000000000000000000000000000000000
000100101110000000000000000000000000000000000000000000000000000000000000000000000000000000000000
000100110010000000000000000000000000000000000000000000000000000001101001010000100111000101010000
000100111010000000000000000000000000000000000000000000000000000001011000010000101000000101001000
000101000110000000000000000000000000000000000000000000000000000000000000000000000000000000000001
000101001110000000000000000000000000000000000000000000000000000000000000000000000000000000000000
00010101010100000000000000000000000001110000011100011010101110000000000000000000101011000101100000
000101011110000000000000000000000000000000000000000000000000000000000000000000000000000000000001
000101100110000000000000000000000000000000000000000000000000000000000000000000000000000000000001
000101101010000000000000000000000000000000000000000000000000000000111110101000101110000110101000
000101110010000000000000000000000000000000000000000000000000000000011001001000101111000110010000
00010111110100011010011111010100010110110000000000000000000000000000000000000000110000000110001000
000110000110000000000000000000000000000000000000000000000000000000000000000000000000000000000000
000110001110000000000000000000000000000000000000000000000000000000000000000000000000000000000001
000110010010000000000000000000000000000000000000000000000000000000110010000000110011000110100000
000110011110000000000000000000000000000000000000000000000000000000000000000000000000000000000001
000110100110000000000000000000000000000000000000000000000000000000000000000000000000000000000000
00011010110100000100000000011111111001010100000000000000000000000000000000000000110110000111001000
000110110010000000000000000000000000000000000000000000000000000001111110001000110111000111000000
000110111110000000000000000000000000000000000000000000000000000000000000000000000000000000000000
000111000110000000000000000000000000000000000000000000000000000000000000000000000000000000000001
000111001010000000000000000000000000000000000000000000000000000010100101010000111010000111011000
000111010110000000000000000000000000000000000000000000000000000000000000000000000000000000000001
000111011110000000000000000000000000000000000000000000000000000000000000000000000000000000000001
000111100010000000000000000000000000000000000000000000000000000000111110001000111101001010010000
00011110110100111101101101101001000001000000000000000000000000000000000000000000111110001000101000
00011111010100101011011101101001110001100000000000000000000000000000000000000000111111001000000000
000111111110000000000000000000000000000000000000000000000000000000000000000000000000000000000001
00100000010100101011100000101101111001100000000000000000000000000000000000000001000001001000010000
001000001110000000000000000000000000000000000000000000000000000000000000000000000000000000000000
00100001010100101011111111100100100010000000000000000000000000000000000000000001000011001000100000
001000011110000000000000000000000000000000000000000000000000000000000000000000000000000000000001
001000100110000000000000000000000000000000000000000000000000000000000000000000000000000000000001
00100010110101101000111000001100111001000000000000000000000000000000000000000001000110001001101000
001000110010000000000000000000000000000000000000000000000000000000110011000001000111001001010000
001000111010000000000000000000000000000000000000000000000000000000011111001001001000001001001000
001001000110000000000000000000000000000000000000000000000000000000000000000000000000000000000000
001001001110000000000000000000000000000000000000000000000000000000000000000000000000000000000001
001001010010000000000000000000000000000000000000000000000000000000110011101001001011001001100000
001001011110000000000000000000000000000000000000000000000000000000000000000000000000000000000000
001001100110000000000000000000000000000000000000000000000000000000000000000000000000000000000001
001001101010000000000000000000000000000000000000000000000000000000110011000001001110001001111000
001001110110000000000000000000000000000000000000000000000000000000000000000000000000000000000001
00100111110101101011111001101011011001000000000000000000000000000000000000000001010000001010001000
001010000110000000000000000000000000000000000000000000000000000000000000000000000000000000000001
001010001110000000000000000000000000000000000000000000000000000000000000000000000000000000000001
001010010010000000000000000000000000000000000000000000000000000001111101101001010011001011010000
001010011010000000000000000000000000000000000000000000000000000001111101100001010100001010101000
001010100110000000000000000000000000000000000000000000000000000000000000000000000000000000000001
00101010110100111110000110001110011000100000000000000000000000000000000000000001010110001010111000
001010110110000000000000000000000000000000000000000000000000000000000000000000000000000000000001
00101011110101001100010110111010001010000000000000000000000000000000000000000001011000001011001000
001011000110000000000000000000000000000000000000000000000000000000000000000000000000000000000000
001011001110000000000000000000000000000000000000000000000000000000000000000000000000000000000001
001011010110000000000000000000000000000000000000000000000000000000000000000000000000000000000001
001011011010000000000000000000000000000000000000000000000000000000111100101001011100010010101000
00101110010100000000000000000000000000000000000000000000000001111111100000111001011101001111010000
001011101010000000000000000000000000000000000000000000000000000000100110011001011110001101011000
001011110000000000000000000000000000000000001100011101100001100110111000000001011111001100110000
001011111010000000000000000000000000000000000000000000000000000000011000101001100000001100011000
001100000010000000000000000000000000000000000000000000000000000000011000100001100001001100010000
001100001110000000000000000000000000000000000000000000000000000000000000000000000000000000000000
001100010110000000000000000000000000000000000000000000000000000000000000000000000000000000000000
00110001110100000000000000000000000000000000000000000000000000011110110100101001100100001100101000
001100100110000000000000000000000000000000000000000000000000000000000000000000000000000000000001
001100101110000000000000000000000000000000000000000000000000000000000000000000000000000000000000
001100110010000000000000000000000000000000000000000000000000000000011101111001100111001101000000
001100111110000000000000000000000000000000000000000000000000000000000000000000000000000000000001
00110100010100000000000000000000000000000000000000000000000000000000001000001001101001001101010000
001101001110000000000000000000000000000000000000000000000000000000000000000000000000000000000000
001101010110000000000000000000000000000000000000000000000000000000000000000000000000000000000001
001101011010000000000000000000000000000000000000000000000000000000101111110001101100001110011000
00110110010100000000000000000000000000000000000000000000000000000101101011011001101101001110000000
001101101010000000000000000000000000000000000000000000000000000000100111000001101110001101111000
001101110110000000000000000000000000000000000000000000000000000000000000000000000000000000000000
001101111110000000000000000000000000000000000000000000000000000000000000000000000000000000000001
001110000010000000000000000000000000000000000000000000000000000000100110110001110001001110010000
001110001110000000000000000000000000000000000000000000000000000000000000000000000000000000000000
001110010110000000000000000000000000000000000000000000000000000000000000000000000000000000000001
001110011000000000000000000000000000000000001100011101100001100110111000000001110100001110111000
00111010010100000000000000000000000000000000000000000000000000000000000111111001110101001110110000
001110101110000000000000000000000000000000000000000000000000000000000000000000000000000000000000
001110110110000000000000000000000000000000000000000000000000000000000000000000000000000000000001
001110111010000000000000000000000000000000000000000000000000000000111001110001111000001111001000
001111000110000000000000000000000000000000000000000000000000000000000000000000000000000000000000
001111001110000000000000000000000000000000000000000000000000000000000000000000000000000000000001
001111010000000000000000000000000000000000001100011101100001100110111000000001111011010001000000
00111101110100100111111111111110000010100000000000000000000000000000000000000001111100010000011000
001111100010000000000000000000000000000000000000000000000000000000101111100001111101010000000000
001111101010000000000000000000000000000000000000000000000000000000011111001001111110001111111000
001111110110000000000000000000000000000000000000000000000000000000000000000000000000000000000000
001111111110000000000000000000000000000000000000000000000000000000000000000000000000000000000001
010000000010000000000000000000000000000000000000000000000000000000111100000010000001010000010000
010000001110000000000000000000000000000000000000000000000000000000000000000000000000000000000000
010000010110000000000000000000000000000000000000000000000000000000000000000000000000000000000000
010000011010000000000000000000000000000000000000000000000000000000110011000010000100010000101000
010000100110000000000000000000000000000000000000000000000000000000000000000000000000000000000001
01000010110100111111111101010111111110000000000000000000000000000000000000000010000110010000111000
010000110110000000000000000000000000000000000000000000000000000000000000000000000000000000000001
010000111110000000000000000000000000000000000000000000000000000000000000000000000000000000000000
01000100010101001000001011101100010000000000000000000000000000000000000000000010001001010010000000
01000100110100000000010000100000000000011101000000000000000000000000000000000010001010010001101000
010001010010000000000000000000000000000000000000000000000000000000110000011010001011010001100000
010001011110000000000000000000000000000000000000000000000000000000000000000000000000000000000000
010001100110000000000000000000000000000000000000000000000000000000000000000000000000000000000000
01000110110100010010000100110000000011000000000000000000000000000000000000000010001110010001111000
010001110110000000000000000000000000000000000000000000000000000000000000000000000000000000000000
010001111110000000000000000000000000000000000000000000000000000000000000000000000000000000000000
010010000010000000000000000000000000000000000000000000000000000000110011000010010001010010010000
010010001110000000000000000000000000000000000000000000000000000000000000000000000000000000000001
01001001010101101000010110001111000110000000000000000000000000000000000000000010010011010010100000
010010011110000000000000000000000000000000000000000000000000000000000000000000000000000000000000
010010100110000000000000000000000000000000000000000000000000000000000000000000000000000000000001
010010101010000000000000000000000000000000000000000000000000000001111010001010010110010101101000
01001011010100000000000000000000000000000000000000000000000000000000000000000010010111010011110000
010010111000000000000000000000000000000000001100011101100001100110111000000010011000010011101000
010011000010000000000000000000000000000000000000000000000000000001100011010010011001010011100000
010011001010000000000000000000000000000000000000000000000000000001000100000010011010010011011000
010011010110000000000000000000000000000000000000000000000000000000000000000000000000000000000000
010011011110000000000000000000000000000000000000000000000000000000000000000000000000000000000001
010011100110000000000000000000000000000000000000000000000000000000000000000000000000000000000000
010011101110000000000000000000000000000000000000000000000000000000000000000000000000000000000000
010011110000000000000000000000000000000000001100011101100001100110111000000010011111010100110000
010011111010000000000000000000000000000000000000000000000000000001111000000010100000010100011000
010100000010000000000000000000000000000000000000000000000000000001101001010010100001010100010000
010100001110000000000000000000000000000000000000000000000000000000000000000000000000000000000001
010100010110000000000000000000000000000000000000000000000000000000000000000000000000000000000001
01010001110100000000101001011000000000000000000000000000000000000000000000000010100100010100101000
010100100110000000000000000000000000000000000000000000000000000000000000000000000000000000000001
010100101110000000000000000000000000000000000000000000000000000000000000000000000000000000000000
01010011010100000000000000000000010010011101010100001111000000000000000000000010100111010101010000
01010011110100000000000000000000000000000000000000000110111111010001001110111010101000010101001000
010101000110000000000000000000000000000000000000000000000000000000000000000000000000000000000001
010101001110000000000000000000000000000000000000000000000000000000000000000000000000000000000000
01010101010100000111100011011000000000001100000000000000000000000000000000000010101011010101100000
010101011110000000000000000000000000000000000000000000000000000000000000000000000000000000000001
010101100110000000000000000000000000000000000000000000000000000000000000000000000000000000000000
010101101010000000000000000000000000000000000000000000000000000001111111011010101110010111101000
010101110000000000000000000000000000000000001100011101100001100110111000000010101111010110110000
010101111010000000000000000000000000000000000000000000000000000001111101100010110000010110011000
010110000010000000000000000000000000000000000000000000000000000001111101000010110001010110010000
010110001110000000000000000000000000000000000000000000000000000000000000000000000000000000000001
010110010110000000000000000000000000000000000000000000000000000000000000000000000000000000000001
010110011010000000000000000000000000000000000000000000000000000001111101101010110100010110101000
010110100110000000000000000000000000000000000000000000000000000000000000000000000000000000000000
010110101110000000000000000000000000000000000000000000000000000000000000000000000000000000000000
010110110010000000000000000000000000000000000000000000000000000001111101100010110111010111010000
01011011110100001001101001000000100111011000000000000000000000000000000000000010111000010111001000
010111000110000000000000000000000000000000000000000000000000000000000000000000000000000000000001
010111001110000000000000000000000000000000000000000000000000000000000000000000000000000000000000
01011101010101000111100010100110100000000000000000000000000000000000000000000010111011010111100000
010111011110000000000000000000000000000000000000000000000000000000000000000000000000000000000000
010111100110000000000000000000000000000000000000000000000000000000000000000000000000000000000001
010111101000000000000000000000000000000000001100011101100001100110111000000010111110011000101000
010111110010000000000000000000000000000000000000000000000000000010100101010010111111011000010000
01011111110100000000000000000000000000000000000000000000000000000000000000000011000000011000001000
011000000110000000000000000000000000000000000000000000000000000000000000000000000000000000000000
011000001110000000000000000000000000000000000000000000000000000000000000000000000000000000000001
011000010010000000000000000000000000000000000000000000000000000011101110000011000011011000100000
011000011110000000000000000000000000000000000000000000000000000000000000000000000000000000000001
011000100110000000000000000000000000000000000000000000000000000000000000000000000000000000000001
011000101010000000000000000000000000000000000000000000000000000010100101011011000110011001001000
011000110010000000000000000000000000000000000000000000000000000010011000000011000111011001000000
011000111110000000000000000000000000000000000000000000000000000000000000000000000000000000000001
011001000110000000000000000000000000000000000000000000000000000000000000000000000000000000000001
011001001010000000000000000000000000000000000000000000000000000011101110000011001010011001011000
011001010110000000000000000000000000000000000000000000000000000000000000000000000000000000000001
011001011110000000000000000000000000000000000000000000000000000000000000000000000000000000000001
011001100000000000000000000000000000000000001100011101100001100111011000000011001101011110000000
01100110110100000000000000000010000000000000000000000100000000000000000000000011001110011101001000
011001110010000000000000000000000000000000000000000000000000000000011011101011001111011010110000
01100111110100000000000000000000000000000000000000111000000000010000010000100011010000011010101000
01101000010100000000000000000000000000000000000000000000000000010000000010000011010001011010010000
011010001110000000000000000000000000000000000000000000000000000000000000000000000000000000000001
01101001010100000000000000000000000000000000000000011100000000010000010000100011010011011010100000
011010011110000000000000000000000000000000000000000000000000000000000000000000000000000000000000
011010100110000000000000000000000000000000000000000000000000000000000000000000000000000000000001
011010101110000000000000000000000000000000000000000000000000000000000000000000000000000000000000
011010110010000000000000000000000000000000000000000000000000000001110011001011010111011100100000
011010111010000000000000000000000000000000000000000000000000000000101011111011011000011011111000
011011000010000000000000000000000000000000000000000000000000000000011110101011011001011011010000
011011001110000000000000000000000000000000000000000000000000000000000000000000000000000000000000
011011010010000000000000000000000000000000000000000000000000000000100001100011011011011011100000
011011011110000000000000000000000000000000000000000000000000000000000000000000000000000000000001
011011100010000000000000000000000000000000000000000000000000000000100111100011011101011011110000
011011101110000000000000000000000000000000000000000000000000000000000000000000000000000000000000
011011110110000000000000000000000000000000000000000000000000000000000000000000000000000000000001
011011111010000000000000000000000000000000000000000000000000000001101001001011100000011100001000
011100000110000000000000000000000000000000000000000000000000000000000000000000000000000000000000
01110000110100000000000000000000000000000001000111000001100110010001010110000011100010011100011000
011100010110000000000000000000000000000000000000000000000000000000000000000000000000000000000000
011100011110000000000000000000000000000000000000000000000000000000000000000000000000000000000001
01110010010100000000000000000000000000000000010000000000000000000000100111000011100101011100110000
011100101110000000000000000000000000000000000000000000000000000000000000000000000000000000000000
01110011010100000000000000000000000000111000100100000001011100000000000000000011100111011101000000
011100111110000000000000000000000000000000000000000000000000000000000000000000000000000000000001
011101000110000000000000000000000000000000000000000000000000000000000000000000000000000000000000
011101001010000000000000000000000000000000000000000000000000000000111110011011101010011101011000
011101010110000000000000000000000000000000000000000000000000000000000000000000000000000000000000
01110101110100000110100000100100011001010100000000000000000000000000000000000011101100011101101000
011101100110000000000000000000000000000000000000000000000000000000000000000000000000000000000000
01110110110100000110100111001000010101100000000000000000000000000000000000000011101110011101111000
011101110110000000000000000000000000000000000000000000000000000000000000000000000000000000000001
011101111110000000000000000000000000000000000000000000000000000000000000000000000000000000000000
011110000010000000000000000000000000000000000000000000000000000001111011101011110001011110010000
011110001110000000000000000000000000000000000000000000000000000000000000000000000000000000000000
011110010010000000000000000000000000000000000000000000000000000001111101011011110011011111100000
011110011000000000000000000000000000000000001100011101100001100111101000000011110100011110111000
01111010010100001101111110001100001001100000000000000000000000000000000000000011110101011110110000
011110101110000000000000000000000000000000000000000000000000000000000000000000000000000000000000
011110110110000000000000000000000000000000000000000000000000000000000000000000000000000000000001
01111011110100000000000000000000010000010110000000000000000000000000000000000011111000011111011000
01111100010100000000000000000000000000000010100000000000000000000000000000000011111001011111010000
011111001110000000000000000000000000000000000000000000000000000000000000000000000000000000000000
011111010110000000000000000000000000000000000000000000000000000000000000000000000000000000000001
011111011110000000000000000000000000000000000000000000000000000000000000000000000000000000000000
011111100110000000000000000000000000000000000000000000000000000000000000000000000000000000000000
