000000000000000000000000000000000000000000001100011101100001100111001000000000000001010100000000
000000001010000000000000000000000000000000000000000000000000000000011000000000000010000000011000
000000010110000000000000000000000000000000000000000000000000000000000000000000000000000000000001
00000001110100100111111111111100100110100000000000000000000000000000000000000000000100001101111000
000000100010000000000000000000000000000000000000000000000000000000111100101000000101001000000000
000000101000000000000000000000000000000000001100011101100001100110101000000000000110000100001000
00000011010100000000000000000000000000000000000000000000000010000000000010111000000111000010100000
00000011110100000000000000000000000000000000000000000000000000000000011111110000001000000001111000
000001000010000000000000000000000000000000000000000000000000000000101111110000001001000001100000
00000100110100000000000000000000000000000000000000000000000000000000000000001000001010000001011000
000001010110000000000000000000000000000000000000000000000000000000000000000000000000000000000001
000001011110000000000000000000000000000000000000000000000000000000000000000000000000000000000001
000001100010000000000000000000000000000000000000000000000000000000111001101000001101000001110000
000001101110000000000000000000000000000000000000000000000000000000000000000000000000000000000000
000001110110000000000000000000000000000000000000000000000000000000000000000000000000000000000001
00000111110100000000000000000000000000000000000000000000000000100000100101001000010000000010011000
00001000010100000000000000000000000000000000000000000000000000001000010000110000010001000010010000
000010001110000000000000000000000000000000000000000000000000000000000000000000000000000000000000
000010010110000000000000000000000000000000000000000000000000000000000000000000000000000000000000
000010011110000000000000000000000000000000000000000000000000000000000000000000000000000000000001
000010100010000000000000000000000000000000000000000000000000000000011001001000010101000011100000
00001010110100011010011111010100010110110000000000000000000000000000000000000000010110000011001000
000010110010000000000000000000000000000000000000000000000000000000011000001000010111000011000000
000010111110000000000000000000000000000000000000000000000000000000000000000000000000000000000000
000011000110000000000000000000000000000000000000000000000000000000000000000000000000000000000000
00001100110100011100000010110011101001010000000000000000000000000000000000000000011010000011011000
000011010110000000000000000000000000000000000000000000000000000000000000000000000000000000000001
000011011110000000000000000000000000000000000000000000000000000000000000000000000000000000000001
000011100010000000000000000000000000000000000000000000000000000000011110000000011101000011110000
000011101110000000000000000000000000000000000000000000000000000000000000000000000000000000000001
000011110010000000000000000000000000000000000000000000000000000000110000011000011111000100000000
000011111110000000000000000000000000000000000000000000000000000000000000000000000000000000000000
000100000110000000000000000000000000000000000000000000000000000000000000000000000000000000000000
000100001010000000000000000000000000000000000000000000000000000000101111100000100010000110001000
000100010010000000000000000000000000000000000000000000000000000000011000101000100011000101010000
000100011010000000000000000000000000000000000000000000000000000000011000100000100100000100111000
000100100000000000000000000000000000000000001100011101100001100110111000000000100101000100110000
000100101110000000000000000000000000000000000000000000000000000000000000000000000000000000000000
000100110110000000000000000000000000000000000000000000000000000000000000000000000000000000000000
00010011110100000000000000000000000000000001000000000010000001011100100001011000101000000101001000
000101000110000000000000000000000000000000000000000000000000000000000000000000000000000000000000
000101001110000000000000000000000000000000000000000000000000000000000000000000000000000000000000
00010101010100000000000000000000000000000000000000000000000000000111111101110000101011000101110000
000101011000000000000000000000000000000000001100011101100001100110111000000000101100000101101000
000101100110000000000000000000000000000000000000000000000000000000000000000000000000000000000001
000101101110000000000000000000000000000000000000000000000000000000000000000000000000000000000001
000101110000000000000000000000000000000000001100011101100001100110111000000000101111000110000000
000101111110000000000000000000000000000000000000000000000000000000000000000000000000000000000000
000110000110000000000000000000000000000000000000000000000000000000000000000000000000000000000000
00011000110100000000000000000000000000000000011111100101110111111100100000000000110010000111001000
000110010010000000000000000000000000000000000000000000000000000000111001100000110011000110110000
00011001110100000000000000000000000000000000000000000000111101101000111101111000110100000110101000
000110100110000000000000000000000000000000000000000000000000000000000000000000000000000000000000
000110101110000000000000000000000000000000000000000000000000000000000000000000000000000000000001
000110110010000000000000000000000000000000000000000000000000000000111001101000110111000111000000
000110111110000000000000000000000000000000000000000000000000000000000000000000000000000000000000
000111000110000000000000000000000000000000000000000000000000000000000000000000000000000000000000
00011100110100100010111111100100010110100000000000000000000000000000000000000000111010000111101000
000111010010000000000000000000000000000000000000000000000000000000111000111000111011000111100000
000111011110000000000000000000000000000000000000000000000000000000000000000000000000000000000000
000111100110000000000000000000000000000000000000000000000000000000000000000000000000000000000000
000111101010000000000000000000000000000000000000000000000000000000110010111000111110000111111000
000111110110000000000000000000000000000000000000000000000000000000000000000000000000000000000001
000111111110000000000000000000000000000000000000000000000000000000000000000000000000000000000000
001000000000000000000000000000000000000000001100011101100001100110111000000001000001001011110000
00100000110100000000000000000000000000000000000000000000000000000000000000000001000010001001111000
001000010010000000000000000000000000000000000000000000000000000010000000000001000011001001010000
001000011010000000000000000000000000000000000000000000000000000001100011011001000100001000111000
001000100000000000000000000000000000000000001100011101100001100110101000000001000101001000110000
001000101110000000000000000000000000000000000000000000000000000000000000000000000000000000000000
001000110110000000000000000000000000000000000000000000000000000000000000000000000000000000000000
001000111010000000000000000000000000000000000000000000000000000001110001011001001000001001001000
001001000110000000000000000000000000000000000000000000000000000000000000000000000000000000000000
001001001110000000000000000000000000000000000000000000000000000000000000000000000000000000000000
001001010010000000000000000000000000000000000000000000000000000011101010111001001011001001110000
001001011010000000000000000000000000000000000000000000000000000010100001101001001100001001101000
001001100110000000000000000000000000000000000000000000000000000000000000000000000000000000000000
001001101110000000000000000000000000000000000000000000000000000000000000000000000000000000000001
001001110110000000000000000000000000000000000000000000000000000000000000000000000000000000000000
001001111000000000000000000000000000000000001100011101100001100110101000000001010000001010111000
001010000010000000000000000000000000000000000000000000000000000001111111011001010001001010100000
00101000110100000000011111111010000010101011000000000000000000000000000000000001010010001010011000
001010010110000000000000000000000000000000000000000000000000000000000000000000000000000000000001
001010011110000000000000000000000000000000000000000000000000000000000000000000000000000000000000
001010100010000000000000000000000000000000000000000000000000000010100101010001010101001010110000
001010101110000000000000000000000000000000000000000000000000000000000000000000000000000000000001
001010110110000000000000000000000000000000000000000000000000000000000000000000000000000000000001
00101011110100000000000000000000000000000000000000001000000011110111001101001001011000001011011000
001011000010000000000000000000000000000000000000000000000000000001111111011001011001001011010000
001011001110000000000000000000000000000000000000000000000000000000000000000000000000000000000001
001011010110000000000000000000000000000000000000000000000000000000000000000000000000000000000001
00101101110100000000000000000000000000000000000001100010001110111010110111000001011100001011101000
001011100110000000000000000000000000000000000000000000000000000000000000000000000000000000000000
001011101110000000000000000000000000000000000000000000000000000000000000000000000000000000000001
00101111010100000000000000000000000000000000000000000000000000000000000000000001011111001100000000
001011111110000000000000000000000000000000000000000000000000000000000000000000000000000000000000
00110000010100011111111110001001101100010000000000000000000000000000000000000001100001001101000000
00110000110100000110010100101111010010001100000000000000000000000000000000000001100010001100101000
00110001010100000000011010100001110000110010100000000000000000000000000000000001100011001100100000
001100011110000000000000000000000000000000000000000000000000000000000000000000000000000000000001
001100100110000000000000000000000000000000000000000000000000000000000000000000000000000000000000
00110010110100000111100010101100010010000000000000000000000000000000000000000001100110001100111000
001100110110000000000000000000000000000000000000000000000000000000000000000000000000000000000001
001100111110000000000000000000000000000000000000000000000000000000000000000000000000000000000001
001101000010000000000000000000000000000000000000000000000000000000111111011001101001001101100000
001101001010000000000000000000000000000000000000000000000000000000111101000001101010001101011000
001101010110000000000000000000000000000000000000000000000000000000000000000000000000000000000001
001101011110000000000000000000000000000000000000000000000000000000000000000000000000000000000000
00110110010100100000001101110000101001100000000000000000000000000000000000000001101101001101110000
001101101110000000000000000000000000000000000000000000000000000000000000000000000000000000000000
001101110110000000000000000000000000000000000000000000000000000000000000000000000000000000000001
00110111110100111101101101110110100011100000000000000000000000000000000000000001110000010000001000
001110000010000000000000000000000000000000000000000000000000000000110011101001110001010000000000
001110001010000000000000000000000000000000000000000000000000000000110011100001110010001111101000
001110010010000000000000000000000000000000000000000000000000000000110011000001110011001111000000
00111001110100101011011101010001101111100000000000000000000000000000000000000001110100001110101000
001110100110000000000000000000000000000000000000000000000000000000000000000000000000000000000001
001110101000000000000000000000000000000000001100011101100001100110101000000001110110001110111000
001110110110000000000000000000000000000000000000000000000000000000000000000000000000000000000001
001110111110000000000000000000000000000000000000000000000000000000000000000000000000000000000001
00111100010100101011111111100100100010000000000000000000000000000000000000000001111001001111100000
00111100110100101011000111101001110111100000000000000000000000000000000000000001111010001111011000
001111010110000000000000000000000000000000000000000000000000000000000000000000000000000000000001
001111011110000000000000000000000000000000000000000000000000000000000000000000000000000000000000
001111100110000000000000000000000000000000000000000000000000000000000000000000000000000000000001
00111110110100101010111011011100000101100000000000000000000000000000000000000001111110001111111000
001111110110000000000000000000000000000000000000000000000000000000000000000000000000000000000000
001111111110000000000000000000000000000000000000000000000000000000000000000000000000000000000001
010000000110000000000000000000000000000000000000000000000000000000000000000000000000000000000001
01000000110101000000000000000101011001000000000000000000000000000000000000000010000010010010001000
010000010000000000000000000000000000000000001100011101100001100110111000000010000011010001010000
01000001110100111111111111101100001101000000000000000000000000000000000000000010000100010001001000
010000100000000000000000000000000000000000001100011101100001100110101000000010000101010001000000
010000101010000000000000000000000000000000000000000000000000000000011111011010000110010000111000
010000110110000000000000000000000000000000000000000000000000000000000000000000000000000000000000
010000111110000000000000000000000000000000000000000000000000000000000000000000000000000000000001
010001000110000000000000000000000000000000000000000000000000000000000000000000000000000000000001
010001001110000000000000000000000000000000000000000000000000000000000000000000000000000000000000
010001010010000000000000000000000000000000000000000000000000000010000000011010001011010010000000
010001011010000000000000000000000000000000000000000000000000000000110000111010001100010001101000
010001100110000000000000000000000000000000000000000000000000000000000000000000000000000000000001
01000110110100111111111101010110000010000000000000000000000000000000000000000010001110010001111000
010001110110000000000000000000000000000000000000000000000000000000000000000000000000000000000001
010001111110000000000000000000000000000000000000000000000000000000000000000000000000000000000000
010010000110000000000000000000000000000000000000000000000000000000000000000000000000000000000001
010010001010000000000000000000000000000000000000000000000000000000111110001010010010010011111000
010010010000000000000000000000000000000000001100011101100001100110111000000010010011010011010000
010010011000000000000000000000000000000000001100011101100001100110101000000010010100010010111000
01001010010101101000110111100100001010000000000000000000000000000000000000000010010101010010110000
010010101110000000000000000000000000000000000000000000000000000000000000000000000000000000000000
010010110110000000000000000000000000000000000000000000000000000000000000000000000000000000000001
01001011110101101000000101010001011111000000000000000000000000000000000000000010011000010011001000
010011000110000000000000000000000000000000000000000000000000000000000000000000000000000000000000
010011001110000000000000000000000000000000000000000000000000000000000000000000000000000000000001
010011010010000000000000000000000000000000000000000000000000000000110011000010011011010011100000
010011011110000000000000000000000000000000000000000000000000000000000000000000000000000000000001
010011100010000000000000000000000000000000000000000000000000000000110011101010011101010011110000
010011101110000000000000000000000000000000000000000000000000000000000000000000000000000000000000
010011110110000000000000000000000000000000000000000000000000000000000000000000000000000000000000
010011111110000000000000000000000000000000000000000000000000000000000000000000000000000000000001
010100000000000000000000000000000000000000001100011101100001100111011000000010100001011000010000
01010000110100000000000000000010000000000000000000000100000000000000000000000010100010010111101000
01010001010100000000000000000000000000000000000000000000000000000000000010011010100011010100100000
010100011110000000000000000000000000000000000000000000000000000000000000000000000000000000000000
010100100010000000000000000000000000000000000000000000000000000000011011101010100101010101100000
01010010110100000000000000000000000000000000000000111000000000010000010000100010100110010101011000
01010011010100000000000000000000000000000000000000000000000000010000000010000010100111010101000000
010100111110000000000000000000000000000000000000000000000000000000000000000000000000000000000001
01010100010100000000000000000000000000000000000000011100000000010000010000100010101001010101010000
010101001110000000000000000000000000000000000000000000000000000000000000000000000000000000000000
010101010110000000000000000000000000000000000000000000000000000000000000000000000000000000000001
010101011110000000000000000000000000000000000000000000000000000000000000000000000000000000000000
010101100010000000000000000000000000000000000000000000000000000001110011001010101101010111000000
010101101010000000000000000000000000000000000000000000000000000000101100010010101110010110011000
01010111010100000000000000000001000000000000001011101100111110000000000000000010101111010110010000
01010111110100000000000000000000000000000000000000101000100011000000111100100010110000010110001000
010110000110000000000000000000000000000000000000000000000000000000000000000000000000000000000000
010110001110000000000000000000000000000000000000000000000000000000000000000000000000000000000000
010110010110000000000000000000000000000000000000000000000000000000000000000000000000000000000001
01011001110100000000000000000000000000000001110110010000000100001110000000000010110100010110101000
010110100110000000000000000000000000000000000000000000000000000000000000000000000000000000000000
010110101010000000000000000000000000000000000000000000000000000001100100001010110110010110111000
010110110110000000000000000000000000000000000000000000000000000000000000000000000000000000000000
010110111110000000000000000000000000000000000000000000000000000000000000000000000000000000000001
010111000010000000000000000000000000000000000000000000000000000001111110010010111001010111100000
01011100110100000000000000000000000001010100010000000000000100000000000000000010111010010111011000
010111010110000000000000000000000000000000000000000000000000000000000000000000000000000000000001
010111011110000000000000000000000000000000000000000000000000000000000000000000000000000000000000
010111100110000000000000000000000000000000000000000000000000000000000000000000000000000000000000
01011110110100000110101000111000000001110000000000000000000000000000000000000010111110011000001000
01011111010100000110100000100100011001010100000000000000000000000000000000000010111111011000000000
010111111110000000000000000000000000000000000000000000000000000000000000000000000000000000000000
011000000110000000000000000000000000000000000000000000000000000000000000000000000000000000000001
011000001110000000000000000000000000000000000000000000000000000000000000000000000000000000000000
01100001010100001101111110001100001001100000000000000000000000000000000000000011000011011001110000
011000011000000000000000000000000000000000001100011101100001100111111000000011000100011001101000
011000100000000000000000000000000000000000001100011101100001100111101000000011000101011000110000
011000101110000000000000000000000000000000000000000000000000000000000000000000000000000000000000
01100011010100000000000000000000000000000101010000000000000000000000000000000011000111011001100000
011000111010000000000000000000000000000000000000000000000000000001110011001011001000011001001000
011001000110000000000000000000000000000000000000000000000000000000000000000000000000000000000000
01100100110100000000000000000000000000000010100000000000000000000000100000000011001010011001011000
011001010110000000000000000000000000000000000000000000000000000000000000000000000000000000000000
011001011110000000000000000000000000000000000000000000000000000000000000000000000000000000000001
011001100110000000000000000000000000000000000000000000000000000000000000000000000000000000000000
011001101110000000000000000000000000000000000000000000000000000000000000000000000000000000000000
011001110010000000000000000000000000000000000000000000000000000001011101111011001111011010000000
011001111110000000000000000000000000000000000000000000000000000000000000000000000000000000000000
011010000000000000000000000000000000000000001100011101100001100111101000000011010001011010100000
01101000110100010000001010100100111100111000000000000000000000000000000000000011010010011010011000
011010010110000000000000000000000000000000000000000000000000000000000000000000000000000000000001
011010011110000000000000000000000000000000000000000000000000000000000000000000000000000000000000
011010100110000000000000000000000000000000000000000000000000000000000000000000000000000000000000
