000000000000000000000000000000000000000000001100011101100001100111001000000000000001010110010000
000000001010000000000000000000000000000000000000000000000000000000011000000000000010000000011000
000000010110000000000000000000000000000000000000000000000000000000000000000000000000000000000001
00000001110100100111111111111001011101100000000000000000000000000000000000000000000100001111001000
00000010010100000000010000000000001001101001110000000000000000000000000000000000000101000111110000
00000010110100000000000001001100011000101011000011000000000000000000000000000000000110000100101000
000000110000000000000000000000000000000000001100011101100001100110101000000000000111000010110000
00000011110100000000000000000000000000000000000000001000000000111000101100110000001000000001111000
000001000010000000000000000000000000000000000000000000000000000000011000100000001001000001100000
000001001010000000000000000000000000000000000000000000000000000000011000001000001010000001011000
000001010110000000000000000000000000000000000000000000000000000000000000000000000000000000000001
000001011110000000000000000000000000000000000000000000000000000000000000000000000000000000000001
00000110010100000000000000000000000000000000000000000000000000000000000000000000001101000001110000
000001101110000000000000000000000000000000000000000000000000000000000000000000000000000000000000
000001110110000000000000000000000000000000000000000000000000000000000000000000000000000000000001
00000111110100000000000000110001000101110001011100100000000000000000000000000000010000000010011000
000010000010000000000000000000000000000000000000000000000000000001101001010000010001000010010000
000010001110000000000000000000000000000000000000000000000000000000000000000000000000000000000000
000010010110000000000000000000000000000000000000000000000000000000000000000000000000000000000001
00001001110100000000000000111011001101010001010110000000000000000000000000000000010100000010101000
000010100110000000000000000000000000000000000000000000000000000000000000000000000000000000000000
000010101110000000000000000000000000000000000000000000000000000000000000000000000000000000000000
000010110010000000000000000000000000000000000000000000000000000001101001010000010111000011110000
000010111010000000000000000000000000000000000000000000000000000000011110000000011000000011011000
000011000000000000000000000000000000000000001100011101100001100110111000000000011001000011010000
000011001110000000000000000000000000000000000000000000000000000000000000000000000000000000000001
000011010110000000000000000000000000000000000000000000000000000000000000000000000000000000000001
00001101110100000000000000000000000000000000000000000000000000000000000000010000011100000011101000
000011100110000000000000000000000000000000000000000000000000000000000000000000000000000000000000
000011101110000000000000000000000000000000000000000000000000000000000000000000000000000000000000
00001111010100000000000000000000000000000000000000000000000000000000000000000000011111000100010000
000011111000000000000000000000000000000000001100011101100001100110111000000000100000000100001000
000100000110000000000000000000000000000000000000000000000000000000000000000000000000000000000000
000100001110000000000000000000000000000000000000000000000000000000000000000000000000000000000000
000100010000000000000000000000000000000000001100011101100001100110111000000000100011000100100000
000100011110000000000000000000000000000000000000000000000000000000000000000000000000000000000001
000100100110000000000000000000000000000000000000000000000000000000000000000000000000000000000001
000100101010000000000000000000000000000000000000000000000000000000011000111000100110000101111000
000100110010000000000000000000000000000000000000000000000000000000011000001000100111000101000000
000100111110000000000000000000000000000000000000000000000000000000000000000000000000000000000000
00010100010100000000000111110001110000100110110000000000000000000000000000000000101001000101100000
000101001010000000000000000000000000000000000000000000000000000000011000100000101010000101011000
000101010110000000000000000000000000000000000000000000000000000000000000000000000000000000000001
000101011110000000000000000000000000000000000000000000000000000000000000000000000000000000000000
000101100010000000000000000000000000000000000000000000000000000000011000100000101101000101110000
000101101110000000000000000000000000000000000000000000000000000000000000000000000000000000000001
000101110110000000000000000000000000000000000000000000000000000000000000000000000000000000000000
000101111000000000000000000000000000000000001100011101100001100110111000000000110000000110111000
000110000000000000000000000000000000000000001100011101100001100110101000000000110001000110100000
000110001010000000000000000000000000000000000000000000000000000000011001010000110010000110011000
000110010110000000000000000000000000000000000000000000000000000000000000000000000000000000000000
000110011110000000000000000000000000000000000000000000000000000000000000000000000000000000000001
00011010010100000000000001010000000000000110000001000000000000000000000000000000110101000110110000
000110101110000000000000000000000000000000000000000000000000000000000000000000000000000000000001
000110110110000000000000000000000000000000000000000000000000000000000000000000000000000000000001
00011011110100000000000001100111010110101001010111000000000000000000000000000000111000000111011000
00011100010100000000000001010110000101111001010000000000000000000000000000000000111001000111010000
000111001110000000000000000000000000000000000000000000000000000000000000000000000000000000000001
000111010110000000000000000000000000000000000000000000000000000000000000000000000000000000000001
00011101110100000000001010010110011100111001010000000000000000000000000000000000111100000111101000
000111100110000000000000000000000000000000000000000000000000000000000000000000000000000000000001
000111101110000000000000000000000000000000000000000000000000000000000000000000000000000000000001
000111110000000000000000000000000000000000001100011101100001100110111000000000111111001011110000
00011111110100000100001011010001001111011000000000000000000000000000000000000001000000001001111000
001000000000000000000000000000000000000000001100011101100001100110101000000001000001001001000000
00100000110100000000011111111001011110101001100000000000000000000000000000000001000010001000101000
00100001010100000000010000100001111101110001000000000000000000000000000000000001000011001000100000
001000011110000000000000000000000000000000000000000000000000000000000000000000000000000000000000
001000100110000000000000000000000000000000000000000000000000000000000000000000000000000000000001
00100010110100000010111111100101101111100000000000000000000000000000000000000001000110001000111000
001000110110000000000000000000000000000000000000000000000000000000000000000000000000000000000000
001000111110000000000000000000000000000000000000000000000000000000000000000000000000000000000000
001001000010000000000000000000000000000000000000000000000000000000111110111001001001001001100000
00100100110100000000100000000000110010110100100000000000000000000000000000000001001010001001011000
001001010110000000000000000000000000000000000000000000000000000000000000000000000000000000000000
001001011110000000000000000000000000000000000000000000000000000000000000000000000000000000000000
001001100010000000000000000000000000000000000000000000000000000010011110001001001101001001110000
001001101110000000000000000000000000000000000000000000000000000000000000000000000000000000000001
001001110110000000000000000000000000000000000000000000000000000000000000000000000000000000000001
00100111110100000111000001101110100010010000000000000000000000000000000000000001010000001010111000
001010000010000000000000000000000000000000000000000000000000000001111100110001010001001010100000
00101000110100000100010001100000101010101000000000000000000000000000000000000001010010001010011000
001010010110000000000000000000000000000000000000000000000000000000000000000000000000000000000000
001010011110000000000000000000000000000000000000000000000000000000000000000000000000000000000001
001010100000000000000000000000000000000000001100011101100001100110101000000001010101001010110000
001010101110000000000000000000000000000000000000000000000000000000000000000000000000000000000001
001010110110000000000000000000000000000000000000000000000000000000000000000000000000000000000001
001010111010000000000000000000000000000000000000000000000000000000111101001001011000001011011000
001011000010000000000000000000000000000000000000000000000000000000011000101001011001001011010000
001011001110000000000000000000000000000000000000000000000000000000000000000000000000000000000000
001011010110000000000000000000000000000000000000000000000000000000000000000000000000000000000000
00101101110100000111100001111000000000001000000000000000000000000000000000000001011100001011101000
001011100110000000000000000000000000000000000000000000000000000000000000000000000000000000000000
001011101110000000000000000000000000000000000000000000000000000000000000000000000000000000000001
00101111010100000100010100011001100011010100000000000000000000000000000000000001011111001101010000
00101111110100000000100000000000011011010111010000000000000000000000000000000001100000001100101000
00110000010100000000010000000001011111111000110000000000000000000000000000000001100001001100010000
001100001110000000000000000000000000000000000000000000000000000000000000000000000000000000000000
00110001010100000000010000011100000010100001000000000000000000000000000000000001100011001100100000
001100011110000000000000000000000000000000000000000000000000000000000000000000000000000000000001
001100100110000000000000000000000000000000000000000000000000000000000000000000000000000000000000
001100101010000000000000000000000000000000000000000000000000000010100101111001100110001101001000
00110011010100000011001101000100100101110000000000000000000000000000000000000001100111001101000000
001100111110000000000000000000000000000000000000000000000000000000000000000000000000000000000000
001101000110000000000000000000000000000000000000000000000000000000000000000000000000000000000000
001101001110000000000000000000000000000000000000000000000000000000000000000000000000000000000001
001101010010000000000000000000000000000000000000000000000000000000111101001001101011001110010000
001101011010000000000000000000000000000000000000000000000000000000110010111001101100001101111000
00110110010100010010000100110000000011000000000000000000000000000000000000000001101101001101110000
001101101110000000000000000000000000000000000000000000000000000000000000000000000000000000000000
001101110110000000000000000000000000000000000000000000000000000000000000000000000000000000000000
001101111010000000000000000000000000000000000000000000000000000000111100001001110000001110001000
001110000110000000000000000000000000000000000000000000000000000000000000000000000000000000000000
001110001110000000000000000000000000000000000000000000000000000000000000000000000000000000000000
001110010010000000000000000000000000000000000000000000000000000010011000000001110011001110110000
001110011010000000000000000000000000000000000000000000000000000001111100110001110100001110101000
001110100110000000000000000000000000000000000000000000000000000000000000000000000000000000000001
001110101110000000000000000000000000000000000000000000000000000000000000000000000000000000000001
001110110010000000000000000000000000000000000000000000000000000010100101100001110111001111000000
001110111110000000000000000000000000000000000000000000000000000000000000000000000000000000000000
001111000110000000000000000000000000000000000000000000000000000000000000000000000000000000000001
001111001000000000000000000000000000000000001100011101100001100110111000000001111010010011111000
001111010010000000000000000000000000000000000000000000000000000000111110001001111011010010100000
001111011000000000000000000000000000000000001100011101100001100110101000000001111100010001011000
001111100010000000000000000000000000000000000000000000000000000000110011000001111101010000100000
001111101010000000000000000000000000000000000000000000000000000000011111001001111110010000001000
001111110010000000000000000000000000000000000000000000000000000000011111000001111111010000000000
001111111110000000000000000000000000000000000000000000000000000000000000000000000000000000000001
010000000110000000000000000000000000000000000000000000000000000000000000000000000000000000000000
01000000110100101011011100010000100100100000000000000000000000000000000000000010000010010000011000
010000010110000000000000000000000000000000000000000000000000000000000000000000000000000000000001
010000011110000000000000000000000000000000000000000000000000000000000000000000000000000000000001
01000010010101101000111011101101100011000000000000000000000000000000000000000010000101010001000000
010000101010000000000000000000000000000000000000000000000000000000110011101010000110010000111000
010000110110000000000000000000000000000000000000000000000000000000000000000000000000000000000000
010000111110000000000000000000000000000000000000000000000000000000000000000000000000000000000001
01000100010101101100000000011100101011000000000000000000000000000000000000000010001001010001010000
010001001110000000000000000000000000000000000000000000000000000000000000000000000000000000000001
010001010110000000000000000000000000000000000000000000000000000000000000000000000000000000000001
010001011010000000000000000000000000000000000000000000000000000000110011000010001100010001101000
010001100110000000000000000000000000000000000000000000000000000000000000000000000000000000000001
010001101010000000000000000000000000000000000000000000000000000000110011101010001110010010001000
010001110010000000000000000000000000000000000000000000000000000000110011001010001111010010000000
010001111110000000000000000000000000000000000000000000000000000000000000000000000000000000000000
010010000110000000000000000000000000000000000000000000000000000000000000000000000000000000000000
010010001010000000000000000000000000000000000000000000000000000000111110000010010010010010011000
010010010110000000000000000000000000000000000000000000000000000000000000000000000000000000000001
010010011110000000000000000000000000000000000000000000000000000000000000000000000000000000000000
01001010010101000000000000100100000100000000000000000000000000000000000000000010010101010011110000
010010101010000000000000000000000000000000000000000000000000000001111101101010010110010011101000
010010110000000000000000000000000000000000001100011101100001100110101000000010010111010011010000
010010111010000000000000000000000000000000000000000000000000000001111101100010011000010011001000
010011000110000000000000000000000000000000000000000000000000000000000000000000000000000000000001
010011001110000000000000000000000000000000000000000000000000000000000000000000000000000000000000
01001101010100111111111111010000011110000000000000000000000000000000000000000010011011010011100000
010011011110000000000000000000000000000000000000000000000000000000000000000000000000000000000001
010011100110000000000000000000000000000000000000000000000000000000000000000000000000000000000000
010011101110000000000000000000000000000000000000000000000000000000000000000000000000000000000001
010011110110000000000000000000000000000000000000000000000000000000000000000000000000000000000001
01001111110101101000000011110111111010000000000000000000000000000000000000000010100000010110001000
010100000010000000000000000000000000000000000000000000000000000000111110001010100001010101010000
010100001010000000000000000000000000000000000000000000000000000000110011000010100010010100011000
010100010110000000000000000000000000000000000000000000000000000000000000000000000000000000000001
01010001110100111111101111000010001001000000000000000000000000000000000000000010100100010100111000
010100100010000000000000000000000000000000000000000000000000000000110011001010100101010100110000
010100101110000000000000000000000000000000000000000000000000000000000000000000000000000000000000
010100110110000000000000000000000000000000000000000000000000000000000000000000000000000000000001
010100111010000000000000000000000000000000000000000000000000000000110011101010101000010101001000
010101000110000000000000000000000000000000000000000000000000000000000000000000000000000000000000
010101001110000000000000000000000000000000000000000000000000000000000000000000000000000000000000
01010101010101000000000001000110111001000000000000000000000000000000000000000010101011010110000000
010101011010000000000000000000000000000000000000000000000000000001111110101010101100010101111000
01010110010100111111111110100011010111100000000000000000000000000000000000000010101101010101110000
010101101110000000000000000000000000000000000000000000000000000000000000000000000000000000000001
010101110110000000000000000000000000000000000000000000000000000000000000000000000000000000000000
010101111110000000000000000000000000000000000000000000000000000000000000000000000000000000000001
010110000110000000000000000000000000000000000000000000000000000000000000000000000000000000000001
010110001110000000000000000000000000000000000000000000000000000000000000000000000000000000000001
010110010010000000000000000000000000000000000000000000000000000001111011101010110011011010110000
010110011010000000000000000000000000000000000000000000000000000000011011101010110100010111101000
010110100000000000000000000000000000000000001100011101100001100111011000000010110101010111100000
01011010110100000000000000000000000000000000000000111000000000010000010000100010110110010111011000
01011011010100000000000000000000000000000000000000000000000000010000000010000010110111010111000000
010110111110000000000000000000000000000000000000000000000000000000000000000000000000000000000001
01011100010100000000000000000000000000000000000000011100000000010000010000100010111001010111010000
010111001110000000000000000000000000000000000000000000000000000000000000000000000000000000000000
010111010110000000000000000000000000000000000000000000000000000000000000000000000000000000000001
010111011110000000000000000000000000000000000000000000000000000000000000000000000000000000000000
010111100110000000000000000000000000000000000000000000000000000000000000000000000000000000000000
01011110110100000000000000000010000000000000000000000010000000000000000000000010111110011001101000
010111110010000000000000000000000000000000000000000000000000000000101011111010111111011001000000
010111111010000000000000000000000000000000000000000000000000000000011110101011000000011000001000
011000000110000000000000000000000000000000000000000000000000000000000000000000000000000000000000
011000001000000000000000000000000000000000001100011101100001100111011000000011000010011000111000
01100001010100000000000000000000000000000000000000000000010000000100100000100011000011011000100000
011000011110000000000000000000000000000000000000000000000000000000000000000000000000000000000000
01100010010100000000000000000001000000000000001011101100111110000000000000000011000101011000110000
011000101110000000000000000000000000000000000000000000000000000000000000000000000000000000000001
011000110110000000000000000000000000000000000000000000000000000000000000000000000000000000000001
011000111110000000000000000000000000000000000000000000000000000000000000000000000000000000000000
011001000010000000000000000000000000000000000000000000000000000001101001001011001001011001010000
011001001110000000000000000000000000000000000000000000000000000000000000000000000000000000000000
01100101010100000000000000000000000000000001000111000011110111010001011111000011001011011001100000
011001011110000000000000000000000000000000000000000000000000000000000000000000000000000000000000
011001100110000000000000000000000000000000000000000000000000000000000000000000000000000000000001
011001101010000000000000000000000000000000000000000000000000000000111110011011001110011001111000
011001110110000000000000000000000000000000000000000000000000000000000000000000000000000000000000
011001111000000000000000000000000000000000001100011101100001100111011000000011010000011010101000
01101000010100000101000111001100000000000000000000000000000000000000000000000011010001011010010000
011010001110000000000000000000000000000000000000000000000000000000000000000000000000000000000000
01101001010100000110110001101100000000000000000000000000000000000000000000000011010011011010100000
011010011110000000000000000000000000000000000000000000000000000000000000000000000000000000000001
011010100110000000000000000000000000000000000000000000000000000000000000000000000000000000000000
011010101110000000000000000000000000000000000000000000000000000000000000000000000000000000000000
01101011010100000000000000000000000000111010110100000001011100000000000000000011010111011011010000
01101011110100000000000000000000000000000000010000000000000000000000100111000011011000011011001000
011011000110000000000000000000000000000000000000000000000000000000000000000000000000000000000000
011011001110000000000000000000000000000000000000000000000000000000000000000000000000000000000001
011011010010000000000000000000000000000000000000000000000000000001111101011011011011011011110000
01101101110100001101111110001100001001100000000000000000000000000000000000000011011100011011101000
011011100110000000000000000000000000000000000000000000000000000000000000000000000000000000000000
011011101110000000000000000000000000000000000000000000000000000000000000000000000000000000000001
011011110110000000000000000000000000000000000000000000000000000000000000000000000000000000000000
