000000000010000000000000000000000000000000000000000000000000000000011000000000000001000000010000
000000001110000000000000000000000000000000000000000000000000000000000000000000000000000000000001
000000010010000000000000000000000000000000000000000000000000000000111110011000000011001101100000
000000011010000000000000000000000000000000000000000000000000000000101111100000000100000111101000
000000100010000000000000000000000000000000000000000000000000000000100110100000000101000110000000
000000101010000000000000000000000000000000000000000000000000000000011110000000000110000100001000
00000011010100000000010000000000001001011110110000000000000000000000000000000000000111000010100000
000000111010000000000000000000000000000000000000000000000000000000011000100000001000000001111000
000001000000000000000000000000000000000000001100011101100001100110101000000000001001000001100000
00000100110100000000000000000000000000000001001111111011011001111110000000000000001010000001011000
000001010110000000000000000000000000000000000000000000000000000000000000000000000000000000000001
000001011110000000000000000000000000000000000000000000000000000000000000000000000000000000000000
000001100010000000000000000000000000000000000000000000000000000000011000001000001101000001110000
000001101110000000000000000000000000000000000000000000000000000000000000000000000000000000000000
000001110110000000000000000000000000000000000000000000000000000000000000000000000000000000000001
000001111000000000000000000000000000000000001100011101100001100111011000000000010000000010011000
000010000000000000000000000000000000000000001100011101100001100110101000000000010001000010010000
000010001110000000000000000000000000000000000000000000000000000000000000000000000000000000000001
000010010110000000000000000000000000000000000000000000000000000000000000000000000000000000000001
000010011110000000000000000000000000000000000000000000000000000000000000000000000000000000000000
000010100000000000000000000000000000000000001100011101100001100110111000000000010101000011100000
000010101000000000000000000000000000000000001100011101100001100110101000000000010110000011001000
000010110010000000000000000000000000000000000000000000000000000000011001001000010111000011000000
000010111110000000000000000000000000000000000000000000000000000000000000000000000000000000000000
000011000110000000000000000000000000000000000000000000000000000000000000000000000000000000000001
00001100110100011010001010000011000011110000000000000000000000000000000000000000011010000011011000
000011010110000000000000000000000000000000000000000000000000000000000000000000000000000000000000
000011011110000000000000000000000000000000000000000000000000000000000000000000000000000000000001
000011100000000000000000000000000000000000001100011101100001100111001000000000011101000100000000
00001110110100011010010000000100001111110000000000000000000000000000000000000000011110000011111000
000011110110000000000000000000000000000000000000000000000000000000000000000000000000000000000000
000011111110000000000000000000000000000000000000000000000000000000000000000000000000000000000001
000100000110000000000000000000000000000000000000000000000000000000000000000000000000000000000000
00010000110100111111000000111101100111000000000000000000000000000000000000000000100010000101111000
00010001010100000000000000000000000000000000000000000000000000000111111101110000100011000101000000
00010001110100000000000000000000000000000000000000000000000000000000001000000000100100000100111000
000100100010000000000000000000000000000000000000000000000000000000011110001000100101000100110000
000100101110000000000000000000000000000000000000000000000000000000000000000000000000000000000000
000100110110000000000000000000000000000000000000000000000000000000000000000000000000000000000001
000100111110000000000000000000000000000000000000000000000000000000000000000000000000000000000001
000101000010000000000000000000000000000000000000000000000000000000011111001000101001000101100000
000101001010000000000000000000000000000000000000000000000000000000011110001000101010000101011000
000101010110000000000000000000000000000000000000000000000000000000000000000000000000000000000000
000101011110000000000000000000000000000000000000000000000000000000000000000000000000000000000000
000101100000000000000000000000000000000000001100011101100001100110111000000000101101000101110000
000101101110000000000000000000000000000000000000000000000000000000000000000000000000000000000001
000101110110000000000000000000000000000000000000000000000000000000000000000000000000000000000000
000101111110000000000000000000000000000000000000000000000000000000000000000000000000000000000001
000110000000000000000000000000000000000000001100011101100001100111011000000000110001000111100000
000110001000000000000000000000000000000000001100011101100001100111001000000000110010000111001000
000110010010000000000000000000000000000000000000000000000000000000100111000000110011000111000000
000110011010000000000000000000000000000000000000000000000000000000100110111000110100000110101000
000110100110000000000000000000000000000000000000000000000000000000000000000000000000000000000001
00011010110100000000000000000000000000000000000000000000000000000000000011110000110110000110111000
000110110110000000000000000000000000000000000000000000000000000000000000000000000000000000000000
000110111110000000000000000000000000000000000000000000000000000000000000000000000000000000000001
000111000110000000000000000000000000000000000000000000000000000000000000000000000000000000000001
00011100110100000000000000000000000000000000000000000000010000000000100001010000111010000111011000
000111010110000000000000000000000000000000000000000000000000000000000000000000000000000000000000
000111011110000000000000000000000000000000000000000000000000000000000000000000000000000000000001
000111100110000000000000000000000000000000000000000000000000000000000000000000000000000000000000
000111101000000000000000000000000000000000001100011101100001100111001000000000111110001101011000
000111110010000000000000000000000000000000000000000000000000000000111100101000111111001010100000
000111111010000000000000000000000000000000000000000000000000000000111100000001000000001001101000
001000000000000000000000000000000000000000001100011101100001100110111000000001000001001001000000
001000001000000000000000000000000000000000001100011101100001100110101000000001000010001000101000
001000010010000000000000000000000000000000000000000000000000000000111001101001000011001000100000
001000011110000000000000000000000000000000000000000000000000000000000000000000000000000000000000
001000100110000000000000000000000000000000000000000000000000000000000000000000000000000000000001
001000101010000000000000000000000000000000000000000000000000000000111001101001000110001000111000
001000110110000000000000000000000000000000000000000000000000000000000000000000000000000000000000
001000111110000000000000000000000000000000000000000000000000000000000000000000000000000000000001
00100100010101101000011000011100100001000000000000000000000000000000000000000001001001001001100000
00100100110100001000010110000011111110001000000000000000000000000000000000000001001010001001011000
001001010110000000000000000000000000000000000000000000000000000000000000000000000000000000000000
001001011110000000000000000000000000000000000000000000000000000000000000000000000000000000000000
001001100110000000000000000000000000000000000000000000000000000000000000000000000000000000000001
00100110110100100011101111010110111011000000000000000000000000000000000000000001001110001010011000
00100111010100000000000000000000000000000000000000000000010000111101111010111001001111001010000000
001001111110000000000000000000000000000000000000000000000000000000000000000000000000000000000001
001010000010000000000000000000000000000000000000000000000000000000111100100001010001001010010000
001010001110000000000000000000000000000000000000000000000000000000000000000000000000000000000000
001010010110000000000000000000000000000000000000000000000000000000000000000000000000000000000000
001010011110000000000000000000000000000000000000000000000000000000000000000000000000000000000001
00101010010100000000000001010000000000000110000001000000000000000000000000000001010101001100010000
00101010110100000000000001001100000000000110000001000000000000000000000000000001010110001011011000
001010110010000000000000000000000000000000000000000000000000000000111101000001010111001011000000
001010111110000000000000000000000000000000000000000000000000000000000000000000000000000000000001
001011000010000000000000000000000000000000000000000000000000000000111110010001011001001011010000
001011001110000000000000000000000000000000000000000000000000000000000000000000000000000000000000
001011010110000000000000000000000000000000000000000000000000000000000000000000000000000000000000
001011011000000000000000000000000000000000001100011101100001100110101000000001011100001011111000
001011100010000000000000000000000000000000000000000000000000000000111101010001011101001011110000
001011101110000000000000000000000000000000000000000000000000000000000000000000000000000000000001
001011110110000000000000000000000000000000000000000000000000000000000000000000000000000000000001
001011111000000000000000000000000000000000001100011101100001100110111000000001100000001100001000
001100000110000000000000000000000000000000000000000000000000000000000000000000000000000000000001
001100001110000000000000000000000000000000000000000000000000000000000000000000000000000000000001
001100010010000000000000000000000000000000000000000000000000000000111101000001100011001100100000
001100011110000000000000000000000000000000000000000000000000000000000000000000000000000000000001
001100100000000000000000000000000000000000001100011101100001100110101000000001100101001101000000
001100101010000000000000000000000000000000000000000000000000000000111101001001100110001100111000
001100110110000000000000000000000000000000000000000000000000000000000000000000000000000000000000
001100111110000000000000000000000000000000000000000000000000000000000000000000000000000000000000
001101000000000000000000000000000000000000001100011101100001100110111000000001101001001101010000
001101001110000000000000000000000000000000000000000000000000000000000000000000000000000000000000
001101010110000000000000000000000000000000000000000000000000000000000000000000000000000000000000
001101011110000000000000000000000000000000000000000000000000000000000000000000000000000000000000
001101100000000000000000000000000000000000001100011101100001100111001000000001101101011000000000
001101101010000000000000000000000000000000000000000000000000000001111111011001101110010011001000
001101110000000000000000000000000000000000001100011101100001100110111000000001101111010000000000
00110111110100000000000000000000000000000000000000000000000000000000000000000001110000001110011000
001110000010000000000000000000000000000000000000000000000000000001100011010001110001001110010000
001110001110000000000000000000000000000000000000000000000000000000000000000000000000000000000001
001110010110000000000000000000000000000000000000000000000000000000000000000000000000000000000000
001110011010000000000000000000000000000000000000000000000000000001111101100001110100001111011000
001110100000000000000000000000000000000000001100011101100001100110101000000001110101001111000000
001110101010000000000000000000000000000000000000000000000000000000111110101001110110001110111000
001110110110000000000000000000000000000000000000000000000000000000000000000000000000000000000000
001110111110000000000000000000000000000000000000000000000000000000000000000000000000000000000001
001111000010000000000000000000000000000000000000000000000000000001011000010001111001001111010000
001111001110000000000000000000000000000000000000000000000000000000000000000000000000000000000001
001111010110000000000000000000000000000000000000000000000000000000000000000000000000000000000001
00111101110101000000000000100100000100000000000000000000000000000000000000000001111100001111111000
001111100000000000000000000000000000000000001100011101100001100110101000000001111101001111110000
001111101110000000000000000000000000000000000000000000000000000000000000000000000000000000000000
001111110110000000000000000000000000000000000000000000000000000000000000000000000000000000000000
001111111110000000000000000000000000000000000000000000000000000000000000000000000000000000000001
010000000010000000000000000000000000000000000000000000000000000001011000010010000001010001100000
01000000110100000010001110000111000000010000000000000000000000000000000000000010000010010000111000
010000010010000000000000000000000000000000000000000000000000000000111110101010000011010000110000
010000011010000000000000000000000000000000000000000000000000000000111110100010000100010000101000
010000100110000000000000000000000000000000000000000000000000000000000000000000000000000000000001
010000101110000000000000000000000000000000000000000000000000000000000000000000000000000000000000
010000110110000000000000000000000000000000000000000000000000000000000000000000000000000000000001
010000111010000000000000000000000000000000000000000000000000000000111110101010001000010001011000
01000100010100010001011011100001001101010000000000000000000000000000000000000010001001010001010000
010001001110000000000000000000000000000000000000000000000000000000000000000000000000000000000001
010001010110000000000000000000000000000000000000000000000000000000000000000000000000000000000000
010001011110000000000000000000000000000000000000000000000000000000000000000000000000000000000001
01000110010100000000000000000000000000000000000001101011100100011000001100000010001101010010010000
01000110110100000000000000000000000000000000000000000000000000000000000000001010001110010001111000
010001110110000000000000000000000000000000000000000000000000000000000000000000000000000000000000
01000111110100000000000000000000000000000000000000000111101100101010100110100010010000010010001000
010010000110000000000000000000000000000000000000000000000000000000000000000000000000000000000001
010010001110000000000000000000000000000000000000000000000000000000000000000000000000000000000000
010010010010000000000000000000000000000000000000000000000000000001111010001010010011010010110000
010010011010000000000000000000000000000000000000000000000000000001111000000010010100010010101000
010010100110000000000000000000000000000000000000000000000000000000000000000000000000000000000000
010010101110000000000000000000000000000000000000000000000000000000000000000000000000000000000000
01001011010100111110111010010011000101000000000000000000000000000000000000000010010111010011000000
010010111110000000000000000000000000000000000000000000000000000000000000000000000000000000000001
010011000110000000000000000000000000000000000000000000000000000000000000000000000000000000000000
010011001000000000000000000000000000000000001100011101100001100110111000000010011010010110011000
010011010010000000000000000000000000000000000000000000000000000010100101010010011011010101000000
01001101110100000000000000000000000000000000000000000000000000000000000000000010011100010100001000
010011100010000000000000000000000000000000000000000000000000000010011101101010011101010011110000
010011101110000000000000000000000000000000000000000000000000000000000000000000000000000000000001
010011110010000000000000000000000000000000000000000000000000000010100001101010011111010100000000
010011111110000000000000000000000000000000000000000000000000000000000000000000000000000000000000
010100000110000000000000000000000000000000000000000000000000000000000000000000000000000000000001
010100001000000000000000000000000000000000001100011101100001100110101000000010100010010100101000
01010001010100100011100110010101101000000000000000000000000000000000000000000010100011010100100000
010100011110000000000000000000000000000000000000000000000000000000000000000000000000000000000001
010100100110000000000000000000000000000000000000000000000000000000000000000000000000000000000001
01010010110100100011101101010110011001100000000000000000000000000000000000000010100110010100111000
010100110110000000000000000000000000000000000000000000000000000000000000000000000000000000000001
010100111110000000000000000000000000000000000000000000000000000000000000000000000000000000000001
01010100010100000000000000000000000000000000000000000000000000000000000000000010101001010101110000
010101001000000000000000000000000000000000001100011101100001100110101000000010101010010101101000
010101010010000000000000000000000000000000000000000000000000000011101010111010101011010101100000
010101011110000000000000000000000000000000000000000000000000000000000000000000000000000000000001
010101100110000000000000000000000000000000000000000000000000000000000000000000000000000000000000
010101101110000000000000000000000000000000000000000000000000000000000000000000000000000000000000
010101110010000000000000000000000000000000000000000000000000000011101110000010101111010110000000
010101111110000000000000000000000000000000000000000000000000000000000000000000000000000000000001
010110000010000000000000000000000000000000000000000000000000000011101110011010110001010110010000
010110001110000000000000000000000000000000000000000000000000000000000000000000000000000000000001
010110010110000000000000000000000000000000000000000000000000000000000000000000000000000000000001
01011001110100000000000000000000000000000000000000000000000000000000000000001010110100010110101000
010110100110000000000000000000000000000000000000000000000000000000000000000000000000000000000000
010110101010000000000000000000000000000000000000000000000000000010100101011010110110010111011000
01011011010100000000000000000000000001110000011101001110000111000000000000000010110111010111000000
010110111110000000000000000000000000000000000000000000000000000000000000000000000000000000000001
01011100010100100011100110001110010101100000000000000000000000000000000000000010111001010111010000
010111001110000000000000000000000000000000000000000000000000000000000000000000000000000000000000
010111010110000000000000000000000000000000000000000000000000000000000000000000000000000000000001
010111011010000000000000000000000000000000000000000000000000000011101110000010111100010111101000
010111100110000000000000000000000000000000000000000000000000000000000000000000000000000000000001
01011110110100000000000000000010100000001110001001110010000000000000000000000010111110010111111000
010111110110000000000000000000000000000000000000000000000000000000000000000000000000000000000001
010111111110000000000000000000000000000000000000000000000000000000000000000000000000000000000001
011000000000000000000000000000000000000000001100011101100001100111011000000011000001011001110000
01100000110100000000000000000000000000000011110110010000000100001110000000000011000010011000111000
01100001010100000000000000000000000000000000010000110101110011000011010111000011000011011000100000
011000011110000000000000000000000000000000000000000000000000000000000000000000000000000000000000
011000100010000000000000000000000000000000000000000000000000000001100100001011000101011000110000
011000101110000000000000000000000000000000000000000000000000000000000000000000000000000000000000
011000110110000000000000000000000000000000000000000000000000000000000000000000000000000000000001
01100011110100000110011101011100010111110100000000000000000000000000000000000011001000011001001000
011001000110000000000000000000000000000000000000000000000000000000000000000000000000000000000000
011001001010000000000000000000000000000000000000000000000000000001011101111011001010011001101000
01100101010100000110110001101100000000000000000000000000000000000000000000000011001011011001100000
011001011110000000000000000000000000000000000000000000000000000000000000000000000000000000000001
011001100110000000000000000000000000000000000000000000000000000000000000000000000000000000000000
011001101110000000000000000000000000000000000000000000000000000000000000000000000000000000000000
011001110000000000000000000000000000000000001100011101100001100111101000000011001111011010110000
01100111110100001101111110001100001001100000000000000000000000000000000000000011010000011010001000
011010000110000000000000000000000000000000000000000000000000000000000000000000000000000000000000
011010001010000000000000000000000000000000000000000000000000000001111101011011010010011010101000
011010010010000000000000000000000000000000000000000000000000000001011101111011010011011010100000
011010011110000000000000000000000000000000000000000000000000000000000000000000000000000000000000
011010100110000000000000000000000000000000000000000000000000000000000000000000000000000000000001
011010101110000000000000000000000000000000000000000000000000000000000000000000000000000000000000
011010110010000000000000000000000000000000000000000000000000000001111011101011010111011011000000
011010111110000000000000000000000000000000000000000000000000000000000000000000000000000000000000
011011000010000000000000000000000000000000000000000000000000000001111101011011011001011011110000
01101100110100000000000000000000010000010110000000000000000000000000000000000011011010011011101000
01101101010100000000000000000000000000000010100000000000000000000000000000000011011011011011100000
011011011110000000000000000000000000000000000000000000000000000000000000000000000000000000000000
011011100110000000000000000000000000000000000000000000000000000000000000000000000000000000000001
011011101110000000000000000000000000000000000000000000000000000000000000000000000000000000000000
011011110110000000000000000000000000000000000000000000000000000000000000000000000000000000000000
