00000000010100010010000101010100110001010000000000000000000000000000000000000000000001010110010000
000000001010000000000000000000000000000000000000000000000000000001111010001000000010001111001000
000000010000000000000000000000000000000000001100011101100001100111001000000000000011001011010000
000000011010000000000000000000000000000000000000000000000000000000011000100000000100000101001000
00000010010100000000011101010111110001000011010000000000000000000000000000000000000101000010100000
00000010110100000000000000000000000000000001111110010100101110011111000000000000000110000001101000
00000011010100000000000000000000000000000000000000000000000000000000000000000000000111000001100000
000000111010000000000000000000000000000000000000000000000000000000010110101000001000000001001000
000001000110000000000000000000000000000000000000000000000000000000000000000000000000000000000001
000001001000000000000000000000000000000000001100011101100001100110101000000000001010000001011000
000001010110000000000000000000000000000000000000000000000000000000000000000000000000000000000001
000001011110000000000000000000000000000000000000000000000000000000000000000000000000000000000000
000001100110000000000000000000000000000000000000000000000000000000000000000000000000000000000001
000001101010000000000000000000000000000000000000000000000000000000011000000000001110000001111000
000001110110000000000000000000000000000000000000000000000000000000000000000000000000000000000001
000001111010000000000000000000000000000000000000000000000000000000011000001000010000000010011000
000010000000000000000000000000000000000000001100011101100001100110101000000000010001000010010000
000010001110000000000000000000000000000000000000000000000000000000000000000000000000000000000000
000010010110000000000000000000000000000000000000000000000000000000000000000000000000000000000000
000010011110000000000000000000000000000000000000000000000000000000000000000000000000000000000001
00001010010100001111111111000101111001011000000000000000000000000000000000000000010101000100000000
00001010110100001010000000011010000111110000000000000000000000000000000000000000010110000011011000
000010110010000000000000000000000000000000000000000000000000000000011000000000010111000011000000
000010111110000000000000000000000000000000000000000000000000000000000000000000000000000000000001
000011000010000000000000000000000000000000000000000000000000000000011000001000011001000011010000
000011001110000000000000000000000000000000000000000000000000000000000000000000000000000000000000
000011010110000000000000000000000000000000000000000000000000000000000000000000000000000000000001
000011011000000000000000000000000000000000001100011101100001100110101000000000011100000011111000
00001110010100001100000011000111010110001000000000000000000000000000000000000000011101000011110000
000011101110000000000000000000000000000000000000000000000000000000000000000000000000000000000001
000011110110000000000000000000000000000000000000000000000000000000000000000000000000000000000001
000011111110000000000000000000000000000000000000000000000000000000000000000000000000000000000001
00010000010100010001111111111111110101010000000000000000000000000000000000000000100001000101000000
00010000110100010000001000010000111001110000000000000000000000000000000000000000100010000100101000
000100010010000000000000000000000000000000000000000000000000000000010110011000100011000100100000
000100011110000000000000000000000000000000000000000000000000000000000000000000000000000000000001
000100100110000000000000000000000000000000000000000000000000000000000000000000000000000000000000
000100101010000000000000000000000000000000000000000000000000000000010111111000100110000100111000
000100110110000000000000000000000000000000000000000000000000000000000000000000000000000000000001
000100111110000000000000000000000000000000000000000000000000000000000000000000000000000000000000
000101000110000000000000000000000000000000000000000000000000000000000000000000000000000000000001
00010100110100000000000000000000000000000000000000000000000000000000000000010000101010000111011000
000101010010000000000000000000000000000000000000000000000000000000101101111000101011000110000000
00010101110100000000000000000000000000000000000000000000000000000000000000001000101100000101111000
000101100010000000000000000000000000000000000000000000000000000000011001001000101101000101110000
000101101110000000000000000000000000000000000000000000000000000000000000000000000000000000000000
000101110110000000000000000000000000000000000000000000000000000000000000000000000000000000000001
000101111110000000000000000000000000000000000000000000000000000000000000000000000000000000000000
000110000000000000000000000000000000000000001100011101100001100110101000000000110001000110110000
000110001010000000000000000000000000000000000000000000000000000001110001011000110010000110101000
00011001010100000000000000000000000000000000000000000000000000000000000000000000110011000110100000
000110011110000000000000000000000000000000000000000000000000000000000000000000000000000000000000
000110100110000000000000000000000000000000000000000000000000000000000000000000000000000000000001
000110101110000000000000000000000000000000000000000000000000000000000000000000000000000000000001
00011011010100000000000000000000000000000000000000000000000000000000000000000000110111000111010000
000110111000000000000000000000000000000000001100011101100001100110111000000000111000000111001000
000111000110000000000000000000000000000000000000000000000000000000000000000000000000000000000000
000111001110000000000000000000000000000000000000000000000000000000000000000000000000000000000000
000111010110000000000000000000000000000000000000000000000000000000000000000000000000000000000001
00011101110100000000000000000000000000000000000000000000000010000000000010111000111100001001011000
00011110010100000000000000000000000000000000000000000000000000000000011111110000111101001000100000
00011110110100000000000000000000000000000000000000000000000000000000000111110000111110001000001000
000111110000000000000000000000000000000000001100011101100001100110101000000000111111001000000000
000111111110000000000000000000000000000000000000000000000000000000000000000000000000000000000001
001000000110000000000000000000000000000000000000000000000000000000000000000000000000000000000001
00100000110100000000000000000000000000000000000000000000000000000000001000000001000010001000011000
001000010110000000000000000000000000000000000000000000000000000000000000000000000000000000000000
001000011110000000000000000000000000000000000000000000000000000000000000000000000000000000000001
001000100000000000000000000000000000000000001100011101100001100110111000000001000101001001000000
00100010110100000000000000000000000000000000000000000000000000001000000010101001000110001000111000
001000110110000000000000000000000000000000000000000000000000000000000000000000000000000000000000
001000111110000000000000000000000000000000000000000000000000000000000000000000000000000000000001
001001000010000000000000000000000000000000000000000000000000000000110011110001001001001001010000
001001001110000000000000000000000000000000000000000000000000000000000000000000000000000000000000
001001010110000000000000000000000000000000000000000000000000000000000000000000000000000000000001
001001011010000000000000000000000000000000000000000000000000000000111100101001001100001010011000
001001100000000000000000000000000000000000001100011101100001100110111000000001001101001010000000
001001101010000000000000000000000000000000000000000000000000000000101111100001001110001001111000
001001110110000000000000000000000000000000000000000000000000000000000000000000000000000000000000
001001111110000000000000000000000000000000000000000000000000000000000000000000000000000000000000
001010000010000000000000000000000000000000000000000000000000000000101111100001010001001010010000
001010001110000000000000000000000000000000000000000000000000000000000000000000000000000000000000
001010010110000000000000000000000000000000000000000000000000000000000000000000000000000000000000
00101001110100000000000000000000010010011010110111101000010000000000000000000001010100001010111000
00101010010100000000000000000000000000000000000000000111111111111101100111110001010101001010110000
001010101110000000000000000000000000000000000000000000000000000000000000000000000000000000000001
001010110110000000000000000000000000000000000000000000000000000000000000000000000000000000000000
00101011110100000000000001010000000000000110000001000000000000000000000000000001011000001011001000
001011000110000000000000000000000000000000000000000000000000000000000000000000000000000000000001
001011001110000000000000000000000000000000000000000000000000000000000000000000000000000000000001
001011010010000000000000000000000000000000000000000000000000000000011011101001011011001100110000
001011011010000000000000000000000000000000000000000000000000000000011000111001011100001011101000
001011100110000000000000000000000000000000000000000000000000000000000000000000000000000000000000
001011101000000000000000000000000000000000001100011101100001100111011000000001011110001100101000
00101111010100000000000000000000000000000000000000111000000000010000010000100001011111001100100000
00101111110100000000000000000000000000000000000000000000000000010000000010000001100000001100001000
001100000110000000000000000000000000000000000000000000000000000000000000000000000000000000000001
00110000110100000000000000000000000000000000000000011100000000010000010000100001100010001100011000
001100010110000000000000000000000000000000000000000000000000000000000000000000000000000000000000
001100011110000000000000000000000000000000000000000000000000000000000000000000000000000000000001
001100100110000000000000000000000000000000000000000000000000000000000000000000000000000000000000
001100101110000000000000000000000000000000000000000000000000000000000000000000000000000000000000
001100110010000000000000000000000000000000000000000000000000000000101011110001100111001110000000
001100111010000000000000000000000000000000000000000000000000000000100111100001101000001101111000
001101000010000000000000000000000000000000000000000000000000000000011110101001101001001101010000
001101001110000000000000000000000000000000000000000000000000000000000000000000000000000000000000
001101010010000000000000000000000000000000000000000000000000000000100001100001101011001101110000
001101011000000000000000000000000000000000001100011101100001100111011000000001101100001101101000
001101100110000000000000000000000000000000000000000000000000000000000000000000000000000000000000
001101101110000000000000000000000000000000000000000000000000000000000000000000000000000000000000
001101110110000000000000000000000000000000000000000000000000000000000000000000000000000000000000
001101111110000000000000000000000000000000000000000000000000000000000000000000000000000000000001
00111000010100000000000000000000000000000001110110010000000100001110000000000001110001001110010000
001110001110000000000000000000000000000000000000000000000000000000000000000000000000000000000000
00111001010100000000000000000000000000000011110110001100000100001110000000000001110011001110100000
001110011110000000000000000000000000000000000000000000000000000000000000000000000000000000000001
00111010010100000101010110001000001000010100000000000000000000000000000000000001110101001110110000
001110101110000000000000000000000000000000000000000000000000000000000000000000000000000000000000
001110110000000000000000000000000000000000001100011101100001100111011000000001110111001111000000
001110111110000000000000000000000000000000000000000000000000000000000000000000000000000000000000
001111000110000000000000000000000000000000000000000000000000000000000000000000000000000000000000
001111001000000000000000000000000000000000001100011101100001100111011000000001111010010100111000
001111010000000000000000000000000000000000001100011101100001100111001000000001111011010100010000
00111101110100000000000000000000000000000000000000000000000000000000000000000001111100010000101000
001111100000000000000000000000000000000000001100011101100001100110111000000001111101010000100000
001111101010000000000000000000000000000000000000000000000000000010000101101001111110001111111000
001111110110000000000000000000000000000000000000000000000000000000000000000000000000000000000000
001111111010000000000000000000000000000000000000000000000000000010011101101010000000010000001000
010000000110000000000000000000000000000000000000000000000000000000000000000000000000000000000001
010000001010000000000000000000000000000000000000000000000000000011101010111010000010010000011000
010000010110000000000000000000000000000000000000000000000000000000000000000000000000000000000000
010000011110000000000000000000000000000000000000000000000000000000000000000000000000000000000000
010000100110000000000000000000000000000000000000000000000000000000000000000000000000000000000000
01000010110100000000000000000000000001110000100100010100001111000000000000000010000110010010011000
01000011010100000000000000000000000000000000000000000000000000000001001110001010000111010001100000
010000111010000000000000000000000000000000000000000000000000000001111111100010001000010001011000
010001000000000000000000000000000000000000001100011101100001100110111000000010001001010001010000
010001001110000000000000000000000000000000000000000000000000000000000000000000000000000000000000
010001010110000000000000000000000000000000000000000000000000000000000000000000000000000000000000
010001011110000000000000000000000000000000000000000000000000000000000000000000000000000000000001
010001100000000000000000000000000000000000001100011101100001100110101000000010001101010010000000
010001101010000000000000000000000000000000000000000000000000000001111111001010001110010001111000
010001110110000000000000000000000000000000000000000000000000000000000000000000000000000000000001
010001111110000000000000000000000000000000000000000000000000000000000000000000000000000000000001
010010000010000000000000000000000000000000000000000000000000000001111111001010010001010010010000
010010001110000000000000000000000000000000000000000000000000000000000000000000000000000000000001
010010010110000000000000000000000000000000000000000000000000000000000000000000000000000000000001
010010011010000000000000000000000000000000000000000000000000000010011110001010010100010011011000
010010100000000000000000000000000000000000001100011101100001100110111000000010010101010011000000
01001010110100000000010111110001001101001111110000000000000000000000000000000010010110010010111000
010010110110000000000000000000000000000000000000000000000000000000000000000000000000000000000001
010010111110000000000000000000000000000000000000000000000000000000000000000000000000000000000001
010011000010000000000000000000000000000000000000000000000000000001111110000010011001010011010000
010011001110000000000000000000000000000000000000000000000000000000000000000000000000000000000001
010011010110000000000000000000000000000000000000000000000000000000000000000000000000000000000000
010011011000000000000000000000000000000000001100011101100001100110111000000010011100010011111000
01001110010100010010000011111110101111110000000000000000000000000000000000000010011101010011110000
010011101110000000000000000000000000000000000000000000000000000000000000000000000000000000000001
010011110110000000000000000000000000000000000000000000000000000000000000000000000000000000000000
01001111110100000000000000000010000000100010010010001000000000000000000000000010100000010100001000
010100000110000000000000000000000000000000000000000000000000000000000000000000000000000000000001
010100001110000000000000000000000000000000000000000000000000000000000000000000000000000000000001
010100010010000000000000000000000000000000000000000000000000000001111101101010100011010100110000
01010001110100000000000000000000000001010100010000000000000100000000000000000010100100010100101000
010100100110000000000000000000000000000000000000000000000000000000000000000000000000000000000001
010100101110000000000000000000000000000000000000000000000000000000000000000000000000000000000000
010100110110000000000000000000000000000000000000000000000000000000000000000000000000000000000000
010100111000000000000000000000000000000000001100011101100001100111101000000010101000010101101000
01010100010100001101111110001100001001100000000000000000000000000000000000000010101001010101010000
010101001110000000000000000000000000000000000000000000000000000000000000000000000000000000000000
010101010010000000000000000000000000000000000000000000000000000010010001001010101011010101100000
010101011110000000000000000000000000000000000000000000000000000000000000000000000000000000000001
010101100110000000000000000000000000000000000000000000000000000000000000000000000000000000000000
01010110110100000000000000000000000000111010110100000001011100000000000000000010101110010110001000
01010111010100000000000000000000000000000010100000000000000000000000100000000010101111010110000000
010101111110000000000000000000000000000000000000000000000000000000000000000000000000000000000000
010110000110000000000000000000000000000000000000000000000000000000000000000000000000000000000001
010110001110000000000000000000000000000000000000000000000000000000000000000000000000000000000000
01011001010100010111111111111011010010000000000000000000000000000000000000000010110011010110100000
010110011110000000000000000000000000000000000000000000000000000000000000000000000000000000000001
010110100010000000000000000000000000000000000000000000000000000000111110101010110101011110110000
010110101010000000000000000000000000000000000000000000000000000000110011000010110110011010001000
01011011010100100011100000011110100110000000000000000000000000000000000000000010110111011000110000
010110111000000000000000000000000000000000001100011101100001100111001000000010111000011000101000
01011100010100011010000001110101010000110000000000000000000000000000000000000010111001010111110000
01011100110100011000000001000001001000100000000000000000000000000000000000000010111010010111011000
010111010110000000000000000000000000000000000000000000000000000000000000000000000000000000000000
01011101110100011000000001000010111100010000000000000000000000000000000000000010111100010111101000
010111100110000000000000000000000000000000000000000000000000000000000000000000000000000000000001
010111101110000000000000000000000000000000000000000000000000000000000000000000000000000000000000
010111110010000000000000000000000000000000000000000000000000000000100101001010111111011000010000
010111111010000000000000000000000000000000000000000000000000000000011000001011000000011000001000
011000000110000000000000000000000000000000000000000000000000000000000000000000000000000000000001
011000001110000000000000000000000000000000000000000000000000000000000000000000000000000000000001
01100001010100100011011100010111011001100000000000000000000000000000000000000011000011011000100000
011000011110000000000000000000000000000000000000000000000000000000000000000000000000000000000001
011000100110000000000000000000000000000000000000000000000000000000000000000000000000000000000000
011000101110000000000000000000000000000000000000000000000000000000000000000000000000000000000000
01100011010100111101101100001010110010000000000000000000000000000000000000000011000111011001000000
011000111110000000000000000000000000000000000000000000000000000000000000000000000000000000000001
011001000010000000000000000000000000000000000000000000000000000000011111000011001001011001010000
011001001110000000000000000000000000000000000000000000000000000000000000000000000000000000000001
011001010000000000000000000000000000000000001100011101100001100110101000000011001011011001110000
011001011010000000000000000000000000000000000000000000000000000000011111001011001100011001101000
011001100110000000000000000000000000000000000000000000000000000000000000000000000000000000000000
011001101110000000000000000000000000000000000000000000000000000000000000000000000000000000000001
01100111010100111110100110010011001001100000000000000000000000000000000000000011001111011010000000
011001111110000000000000000000000000000000000000000000000000000000000000000000000000000000000000
011010000110000000000000000000000000000000000000000000000000000000000000000000000000000000000001
01101000110101101000111010011011110001000000000000000000000000000000000000000011010010011101011000
011010010000000000000000000000000000000000001100011101100001100110111000000011010011011100000000
011010011010000000000000000000000000000000000000000000000000000000111110001011010100011011011000
011010100010000000000000000000000000000000000000000000000000000000110011101011010101011011000000
011010101000000000000000000000000000000000001100011101100001100110101000000011010110011010111000
011010110110000000000000000000000000000000000000000000000000000000000000000000000000000000000000
011010111110000000000000000000000000000000000000000000000000000000000000000000000000000000000000
011011000010000000000000000000000000000000000000000000000000000000111100100011011001011011010000
011011001110000000000000000000000000000000000000000000000000000000000000000000000000000000000001
011011010110000000000000000000000000000000000000000000000000000000000000000000000000000000000000
011011011010000000000000000000000000000000000000000000000000000000111110100011011100011011101000
011011100110000000000000000000000000000000000000000000000000000000000000000000000000000000000001
01101110110100100010100000101000000000000000000000000000000000000000000000000011011110011011111000
011011110110000000000000000000000000000000000000000000000000000000000000000000000000000000000000
011011111110000000000000000000000000000000000000000000000000000000000000000000000000000000000001
011100000010000000000000000000000000000000000000000000000000000000111100100011100001011100110000
011100001010000000000000000000000000000000000000000000000000000000110011101011100010011100101000
011100010000000000000000000000000000000000001100011101100001100111001000000011100011011100100000
011100011110000000000000000000000000000000000000000000000000000000000000000000000000000000000000
011100100110000000000000000000000000000000000000000000000000000000000000000000000000000000000000
011100101110000000000000000000000000000000000000000000000000000000000000000000000000000000000001
01110011010101011011111001000001101010000000000000000000000000000000000000000011100111011101010000
011100111010000000000000000000000000000000000000000000000000000000111100110011101000011101001000
011101000110000000000000000000000000000000000000000000000000000000000000000000000000000000000000
011101001110000000000000000000000000000000000000000000000000000000000000000000000000000000000000
011101010110000000000000000000000000000000000000000000000000000000000000000000000000000000000001
011101011010000000000000000000000000000000000000000000000000000000110011001011101100011110101000
011101100000000000000000000000000000000000001100011101100001100111000000000011101101011110100000
011101101000000000000000000000000000000000001100011101100001100110101000000011101110011110001000
01110111010101101110111010111110001111000000000000000000000000000000000000000011101111011110000000
011101111110000000000000000000000000000000000000000000000000000000000000000000000000000000000000
011110000110000000000000000000000000000000000000000000000000000000000000000000000000000000000001
01111000110101110000101001001100101011000000000000000000000000000000000000000011110010011110011000
011110010110000000000000000000000000000000000000000000000000000000000000000000000000000000000000
011110011110000000000000000000000000000000000000000000000000000000000000000000000000000000000001
011110100110000000000000000000000000000000000000000000000000000000000000000000000000000000000000
011110101110000000000000000000000000000000000000000000000000000000000000000000000000000000000001
01111011010101000000000000000100011001000000000000000000000000000000000000000011110111100000110000
01111011110100111111111111111101001000000000000000000000000000000000000000000011111000100000101000
011111000000000000000000000000000000000000001100011101100001100111001000000011111001100000100000
011111001000000000000000000000000000000000001100011101100001100110111000000011111010011111111000
01111101010100100011100110001011110011100000000000000000000000000000000000000011111011011111110000
011111011000000000000000000000000000000000001100011101100001100110101000000011111100011111101000
011111100110000000000000000000000000000000000000000000000000000000000000000000000000000000000001
011111101110000000000000000000000000000000000000000000000000000000000000000000000000000000000001
011111110110000000000000000000000000000000000000000000000000000000000000000000000000000000000001
01111111110100100011100110001110010101100000000000000000000000000000000000000100000000100000011000
100000000010000000000000000000000000000000000000000000000000000010011000000100000001100000010000
100000001110000000000000000000000000000000000000000000000000000000000000000000000000000000000001
100000010110000000000000000000000000000000000000000000000000000000000000000000000000000000000000
100000011110000000000000000000000000000000000000000000000000000000000000000000000000000000000001
100000100110000000000000000000000000000000000000000000000000000000000000000000000000000000000000
100000101110000000000000000000000000000000000000000000000000000000000000000000000000000000000000
100000110110000000000000000000000000000000000000000000000000000000000000000000000000000000000001
