000000000010000000000000000000000000000000000000000000000000000000011000000000000001000000010000
000000001110000000000000000000000000000000000000000000000000000000000000000000000000000000000001
00000001010100100111111111111100100110100000000000000000000000000000000000000000000011010100100000
000000011000000000000000000000000000000000001100011101100001100111001000000000000100001111111000
00000010010100000000010000000000001001110001000000000000000000000000000000000000000101001000010000
000000101000000000000000000000000000000000001100011101100001100110101000000000000110000100011000
00000011010100000000000000000000000000000000000000001000000011000000010111100000000111000010100000
00000011110100000000000000000000000000000000000000000000110010001111011111010000001000000001111000
000001000010000000000000000000000000000000000000000000000000000000011000100000001001000001100000
000001001010000000000000000000000000000000000000000000000000000000011000001000001010000001011000
000001010110000000000000000000000000000000000000000000000000000000000000000000000000000000000001
000001011110000000000000000000000000000000000000000000000000000000000000000000000000000000000001
00000110010100000000000000000000000000000000000000000000000000000000000000000000001101000001110000
000001101110000000000000000000000000000000000000000000000000000000000000000000000000000000000000
000001110110000000000000000000000000000000000000000000000000000000000000000000000000000000000001
000001111010000000000000000000000000000000000000000000000000000001101001011000010000000010011000
00001000010100000000000000000000000000000000000000000100101011001001111100100000010001000010010000
000010001110000000000000000000000000000000000000000000000000000000000000000000000000000000000001
000010010110000000000000000000000000000000000000000000000000000000000000000000000000000000000001
000010011110000000000000000000000000000000000000000000000000000000000000000000000000000000000001
00001010010100000000000001001011110111100010110111000000000000000000000000000000010101000011100000
000010101010000000000000000000000000000000000000000000000000000001101001010000010110000011001000
00001011010100000000000000000000000000000000001001010101101100101100101000000000010111000011000000
000010111110000000000000000000000000000000000000000000000000000000000000000000000000000000000000
000011000110000000000000000000000000000000000000000000000000000000000000000000000000000000000000
000011001010000000000000000000000000000000000000000000000000000010011101001000011010000011011000
000011010110000000000000000000000000000000000000000000000000000000000000000000000000000000000001
000011011110000000000000000000000000000000000000000000000000000000000000000000000000000000000001
00001110010100000000000001010000000000000110000001000000000000000000000000000000011101000100000000
000011101010000000000000000000000000000000000000000000000000000000111111110000011110000011111000
000011110110000000000000000000000000000000000000000000000000000000000000000000000000000000000001
000011111110000000000000000000000000000000000000000000000000000000000000000000000000000000000001
00010000010100000000001001001101001111010001011000000000000000000000000000000000100001000100010000
000100001110000000000000000000000000000000000000000000000000000000000000000000000000000000000001
000100010110000000000000000000000000000000000000000000000000000000000000000000000000000000000001
000100011010000000000000000000000000000000000000000000000000000001101001010000100100000110011000
00010010010100000000000001001011001000110001000011000000000000000000000000000000100101000101100000
000100101000000000000000000000000000000000001100011101100001100110111000000000100110000101001000
00010011010100000000000000000000000000000000000000000000000000000000000000010000100111000101000000
000100111110000000000000000000000000000000000000000000000000000000000000000000000000000000000000
000101000110000000000000000000000000000000000000000000000000000000000000000000000000000000000000
000101001010000000000000000000000000000000000000000000000000000000011110000000101010000101011000
000101010110000000000000000000000000000000000000000000000000000000000000000000000000000000000001
000101011110000000000000000000000000000000000000000000000000000000000000000000000000000000000000
00010110010100000000000001010000000000000110000001000000000000000000000000000000101101000110000000
00010110110100000000000001001111001101101100100001000000000000000000000000000000101110000101111000
000101110110000000000000000000000000000000000000000000000000000000000000000000000000000000000001
000101111110000000000000000000000000000000000000000000000000000000000000000000000000000000000001
000110000010000000000000000000000000000000000000000000000000000000011000110000110001000110010000
000110001110000000000000000000000000000000000000000000000000000000000000000000000000000000000000
000110010110000000000000000000000000000000000000000000000000000000000000000000000000000000000001
000110011010000000000000000000000000000000000000000000000000000001111111000000110100000111011000
000110100000000000000000000000000000000000001100011101100001100110111000000000110101000111000000
00011010110100000000000000000000000000000000000000000000000000000000000000000000110110000110111000
000110110110000000000000000000000000000000000000000000000000000000000000000000000000000000000000
000110111110000000000000000000000000000000000000000000000000000000000000000000000000000000000001
00011100010100000000000000000000000011000101000111111110010100000000000000000000111001000111010000
000111001110000000000000000000000000000000000000000000000000000000000000000000000000000000000001
000111010110000000000000000000000000000000000000000000000000000000000000000000000000000000000001
00011101110100000000000000000000000000000000000000000000000000000000000000000000111100000111111000
000111100010000000000000000000000000000000000000000000000000000010011101101000111101000111110000
000111101110000000000000000000000000000000000000000000000000000000000000000000000000000000000000
000111110110000000000000000000000000000000000000000000000000000000000000000000000000000000000000
000111111000000000000000000000000000000000001100011101100001100110111000000001000000001000001000
001000000110000000000000000000000000000000000000000000000000000000000000000000000000000000000001
001000001110000000000000000000000000000000000000000000000000000000000000000000000000000000000001
00100001010100000100001011010001011101010100000000000000000000000000000000000001000011001100010000
001000011010000000000000000000000000000000000000000000000000000000111110110001000100001010011000
00100010010100000000100000000001010111011000100000000000000000000000000000000001000101001001100000
001000101010000000000000000000000000000000000000000000000000000000011111001001000110001001001000
00100011010100000000010000000001110010000010000000000000000000000000000000000001000111001001000000
001000111110000000000000000000000000000000000000000000000000000000000000000000000000000000000000
001001000110000000000000000000000000000000000000000000000000000000000000000000000000000000000000
00100100110100000000011011101000001110011110000000000000000000000000000000000001001010001001011000
001001010110000000000000000000000000000000000000000000000000000000000000000000000000000000000001
001001011110000000000000000000000000000000000000000000000000000000000000000000000000000000000001
001001100010000000000000000000000000000000000000000000000000000000110010000001001101001010000000
001001101010000000000000000000000000000000000000000000000000000000011111011001001110001001111000
001001110110000000000000000000000000000000000000000000000000000000000000000000000000000000000000
001001111110000000000000000000000000000000000000000000000000000000000000000000000000000000000000
00101000010100000010111111111100010111101000000000000000000000000000000000000001010001001010010000
001010001110000000000000000000000000000000000000000000000000000000000000000000000000000000000000
001010010110000000000000000000000000000000000000000000000000000000000000000000000000000000000000
00101001110100000011101100100111011000010100000000000000000000000000000000000001010100001011011000
00101010010100000000011111111010110000111101000000000000000000000000000000000001010101001011000000
001010101010000000000000000000000000000000000000000000000000000010011000010001010110001010111000
001010110110000000000000000000000000000000000000000000000000000000000000000000000000000000000001
001010111110000000000000000000000000000000000000000000000000000000000000000000000000000000000001
001011000010000000000000000000000000000000000000000000000000000010011110100001011001001011010000
001011001110000000000000000000000000000000000000000000000000000000000000000000000000000000000001
001011010110000000000000000000000000000000000000000000000000000000000000000000000000000000000001
001011011000000000000000000000000000000000001100011101100001100110111000000001011100001011111000
001011100000000000000000000000000000000000001100011101100001100110101000000001011101001011110000
001011101110000000000000000000000000000000000000000000000000000000000000000000000000000000000000
001011110110000000000000000000000000000000000000000000000000000000000000000000000000000000000000
001011111010000000000000000000000000000000000000000000000000000001101111110001100000001100001000
001100000110000000000000000000000000000000000000000000000000000000000000000000000000000000000001
001100001110000000000000000000000000000000000000000000000000000000000000000000000000000000000000
001100010010000000000000000000000000000000000000000000000000000000111101001001100011001110000000
00110001110100000111011101010110100111001000000000000000000000000000000000000001100100001101001000
001100100010000000000000000000000000000000000000000000000000000000110010000001100101001100110000
001100101110000000000000000000000000000000000000000000000000000000000000000000000000000000000001
00110011010100000100011110010101011000000100000000000000000000000000000000000001100111001101000000
001100111110000000000000000000000000000000000000000000000000000000000000000000000000000000000000
001101000110000000000000000000000000000000000000000000000000000000000000000000000000000000000001
001101001000000000000000000000000000000000001100011101100001100110111000000001101010001101101000
00110101010100100010111111001111001111000000000000000000000000000000000000000001101011001101100000
001101011110000000000000000000000000000000000000000000000000000000000000000000000000000000000000
001101100110000000000000000000000000000000000000000000000000000000000000000000000000000000000000
00110110110100100010111101111101001100000000000000000000000000000000000000000001101110001101111000
001101110110000000000000000000000000000000000000000000000000000000000000000000000000000000000000
001101111110000000000000000000000000000000000000000000000000000000000000000000000000000000000000
00111000010100000110110111001101001011010000000000000000000000000000000000000001110001001111000000
00111000110100000110010110101110001001110000000000000000000000000000000000000001110010001110101000
001110010000000000000000000000000000000000001100011101100001100110111000000001110011001110100000
001110011110000000000000000000000000000000000000000000000000000000000000000000000000000000000001
001110100110000000000000000000000000000000000000000000000000000000000000000000000000000000000001
001110101000000000000000000000000000000000001100011101100001100110111000000001110110001110111000
001110110110000000000000000000000000000000000000000000000000000000000000000000000000000000000001
001110111110000000000000000000000000000000000000000000000000000000000000000000000000000000000001
001111000000000000000000000000000000000000001100011101100001100110101000000001111001001111100000
001111001010000000000000000000000000000000000000000000000000000000111110101001111010001111011000
001111010110000000000000000000000000000000000000000000000000000000000000000000000000000000000000
001111011110000000000000000000000000000000000000000000000000000000000000000000000000000000000001
00111110010100000111100001111000000000001000000000000000000000000000000000000001111101001111110000
001111101110000000000000000000000000000000000000000000000000000000000000000000000000000000000000
001111110110000000000000000000000000000000000000000000000000000000000000000000000000000000000001
001111111010000000000000000000000000000000000000000000000000000001111011101010000000010010111000
010000000000000000000000000000000000000000001100011101100001100111011000000010000001010010110000
010000001010000000000000000000000000000000000000000000000000000000011011101010000010010001001000
01000001010100000000000000000000000000000000000000111000000000010000010000100010000011010001000000
01000001110100000000000000000000000000000000000000000000000000010000000010000010000100010000101000
010000100110000000000000000000000000000000000000000000000000000000000000000000000000000000000001
01000010110100000000000000000000000000000000000000011100000000010000010000100010000110010000111000
010000110110000000000000000000000000000000000000000000000000000000000000000000000000000000000000
010000111110000000000000000000000000000000000000000000000000000000000000000000000000000000000001
010001000110000000000000000000000000000000000000000000000000000000000000000000000000000000000000
01000100110100000000000000000010000000000000000000000100000000000000000000000010001010010010001000
010001010010000000000000000000000000000000000000000000000000000000101011111010001011010001110000
01000101110100000000000000000001000000000000001011101100111110000000000000000010001100010001101000
010001100110000000000000000000000000000000000000000000000000000000000000000000000000000000000000
010001101110000000000000000000000000000000000000000000000000000000000000000000000000000000000001
01000111010100000000000000000000000000000001110110010000000100001110000000000010001111010010000000
010001111110000000000000000000000000000000000000000000000000000000000000000000000000000000000000
010010000110000000000000000000000000000000000000000000000000000000000000000000000000000000000000
010010001010000000000000000000000000000000000000000000000000000000111101111010010010010010011000
010010010110000000000000000000000000000000000000000000000000000000000000000000000000000000000000
01001001110100000101000111001100000000000000000000000000000000000000000000000010010100010010101000
010010100110000000000000000000000000000000000000000000000000000000000000000000000000000000000000
010010101110000000000000000000000000000000000000000000000000000000000000000000000000000000000000
010010110110000000000000000000000000000000000000000000000000000000000000000000000000000000000000
01001011110100000000000000000000000000111010110100000001011100000000000000000010011000010011101000
010011000010000000000000000000000000000000000000000000000000000001111110010010011001010011100000
01001100110100000000000000000000000000000000010000000000000000000000000000000010011010010011011000
010011010110000000000000000000000000000000000000000000000000000000000000000000000000000000000000
010011011110000000000000000000000000000000000000000000000000000000000000000000000000000000000001
010011100110000000000000000000000000000000000000000000000000000000000000000000000000000000000000
010011101000000000000000000000000000000000001100011101100001100111101000000010011110010100011000
010011110010000000000000000000000000000000000000000000000000000001111101101010011111010100010000
01001111110100001101111110001100001001100000000000000000000000000000000000000010100000010100001000
010100000110000000000000000000000000000000000000000000000000000000000000000000000000000000000000
010100001110000000000000000000000000000000000000000000000000000000000000000000000000000000000001
010100010110000000000000000000000000000000000000000000000000000000000000000000000000000000000000
010100011110000000000000000000000000000000000000000000000000000000000000000000000000000000000000
010100100000000000000000000000000000000000001100011101100001100111001000000010100101011100110000
010100101010000000000000000000000000000000000000000000000000000000111110001010100110011010111000
010100110000000000000000000000000000000000001100011101100001100110101000000010100111011000010000
010100111010000000000000000000000000000000000000000000000000000000110011000010101000010110011000
010101000010000000000000000000000000000000000000000000000000000000011111001010101001010101110000
01010100110100111110111011100011000110100000000000000000000000000000000000000010101010010101101000
010101010010000000000000000000000000000000000000000000000000000000011111000010101011010101100000
010101011110000000000000000000000000000000000000000000000000000000000000000000000000000000000001
010101100110000000000000000000000000000000000000000000000000000000000000000000000000000000000000
010101101110000000000000000000000000000000000000000000000000000000000000000000000000000000000001
01010111010100101011011101110111101011100000000000000000000000000000000000000010101111010110000000
010101111110000000000000000000000000000000000000000000000000000000000000000000000000000000000001
01011000010100101011100001110101001111100000000000000000000000000000000000000010110001010110010000
010110001110000000000000000000000000000000000000000000000000000000000000000000000000000000000000
010110010110000000000000000000000000000000000000000000000000000000000000000000000000000000000001
010110011010000000000000000000000000000000000000000000000000000000110011101010110100010111011000
010110100010000000000000000000000000000000000000000000000000000000110011001010110101010111000000
01011010110101000001010101100101111000100000000000000000000000000000000000000010110110010110111000
010110110110000000000000000000000000000000000000000000000000000000000000000000000000000000000001
010110111110000000000000000000000000000000000000000000000000000000000000000000000000000000000000
01011100010101110001001001011110000010000000000000000000000000000000000000000010111001010111010000
010111001110000000000000000000000000000000000000000000000000000000000000000000000000000000000000
010111010110000000000000000000000000000000000000000000000000000000000000000000000000000000000001
01011101110101010111000111010100000111000000000000000000000000000000000000000010111100010111111000
010111100010000000000000000000000000000000000000000000000000000000111110000010111101010111110000
010111101110000000000000000000000000000000000000000000000000000000000000000000000000000000000001
010111110110000000000000000000000000000000000000000000000000000000000000000000000000000000000000
01011111110101011101100010010101010000000000000000000000000000000000000000000011000000011000001000
011000000110000000000000000000000000000000000000000000000000000000000000000000000000000000000001
011000001110000000000000000000000000000000000000000000000000000000000000000000000000000000000001
011000010000000000000000000000000000000000001100011101100001100110111000000011000011011010000000
01100001110100111111111110000001010000000000000000000000000000000000000000000011000100011001001000
01100010010100101011111011011001010010100000000000000000000000000000000000000011000101011001000000
011000101010000000000000000000000000000000000000000000000000000000110010110011000110011000111000
011000110110000000000000000000000000000000000000000000000000000000000000000000000000000000000001
011000111110000000000000000000000000000000000000000000000000000000000000000000000000000000000001
011001000110000000000000000000000000000000000000000000000000000000000000000000000000000000000001
01100100110101101000000010111101000101000000000000000000000000000000000000000011001010011001101000
01100101010101100111111100101100000010000000000000000000000000000000000000000011001011011001100000
011001011110000000000000000000000000000000000000000000000000000000000000000000000000000000000000
011001100110000000000000000000000000000000000000000000000000000000000000000000000000000000000000
01100110110101101011111101010101111000000000000000000000000000000000000000000011001110011001111000
011001110110000000000000000000000000000000000000000000000000000000000000000000000000000000000001
011001111110000000000000000000000000000000000000000000000000000000000000000000000000000000000001
011010000010000000000000000000000000000000000000000000000000000000110011000011010001011010010000
011010001110000000000000000000000000000000000000000000000000000000000000000000000000000000000001
01101001010101101000010110001111000110000000000000000000000000000000000000000011010011011010110000
011010011010000000000000000000000000000000000000000000000000000000110011110011010100011010101000
011010100110000000000000000000000000000000000000000000000000000000000000000000000000000000000000
011010101110000000000000000000000000000000000000000000000000000000000000000000000000000000000000
011010110110000000000000000000000000000000000000000000000000000000000000000000000000000000000001
01101011110101000000000000100101001011000000000000000000000000000000000000000011011000011100101000
011011000000000000000000000000000000000000001100011101100001100110111000000011011001011100010000
011011001000000000000000000000000000000000001100011101100001100110101000000011011010011011101000
01101101010100111111111111101100001101000000000000000000000000000000000000000011011011011011100000
011011011110000000000000000000000000000000000000000000000000000000000000000000000000000000000001
011011100110000000000000000000000000000000000000000000000000000000000000000000000000000000000000
011011101010000000000000000000000000000000000000000000000000000001111101110011011110011100001000
011011110010000000000000000000000000000000000000000000000000000001111101100011011111011100000000
011011111110000000000000000000000000000000000000000000000000000000000000000000000000000000000001
011100000110000000000000000000000000000000000000000000000000000000000000000000000000000000000000
011100001110000000000000000000000000000000000000000000000000000000000000000000000000000000000001
01110001010100111111111110100011010111100000000000000000000000000000000000000011100011011100100000
011100011110000000000000000000000000000000000000000000000000000000000000000000000000000000000001
011100100110000000000000000000000000000000000000000000000000000000000000000000000000000000000000
011100101110000000000000000000000000000000000000000000000000000000000000000000000000000000000001
011100110110000000000000000000000000000000000000000000000000000000000000000000000000000000000000
