00000000010100010010000101010100110001010000000000000000000000000000000000000000000001011001100000
000000001010000000000000000000000000000000000000000000000000000001111010001000000010010000111000
000000010000000000000000000000000000000000001100011101100001100111001000000000000011001101000000
000000011000000000000000000000000000000000001100011101100001100110101000000000000100000110111000
000000100010000000000000000000000000000000000000000000000000000000011000100000000101000011010000
00000010110100000000011110110001100110000111000000000000000000000000000000000000000110000010001000
00000011010100000000000000000000000000000001110000101110011100011011000000000000000111000001100000
00000011110100000000000000000000000000000000000000000000000000000000000000000000001000000001011000
000001000010000000000000000000000000000000000000000000000000000000001100000000001001000001010000
000001001110000000000000000000000000000000000000000000000000000000000000000000000000000000000001
000001010110000000000000000000000000000000000000000000000000000000000000000000000000000000000001
000001011110000000000000000000000000000000000000000000000000000000000000000000000000000000000001
00000110010100000000000000000000000000000011000010000010001100011010000000000000001101000001110000
000001101110000000000000000000000000000000000000000000000000000000000000000000000000000000000000
000001110010000000000000000000000000000000000000000000000000000000011000000000001111000010000000
000001111110000000000000000000000000000000000000000000000000000000000000000000000000000000000001
000010000110000000000000000000000000000000000000000000000000000000000000000000000000000000000000
000010001010000000000000000000000000000000000000000000000000000000011000000000010010000010011000
000010010110000000000000000000000000000000000000000000000000000000000000000000000000000000000001
00001001110100000111000011110011101101011100000000000000000000000000000000000000010100000010111000
000010100010000000000000000000000000000000000000000000000000000000011000001000010101000010110000
000010101110000000000000000000000000000000000000000000000000000000000000000000000000000000000000
000010110110000000000000000000000000000000000000000000000000000000000000000000000000000000000001
00001011110100010001011010011101001001010000000000000000000000000000000000000000011000000011001000
000011000110000000000000000000000000000000000000000000000000000000000000000000000000000000000000
000011001110000000000000000000000000000000000000000000000000000000000000000000000000000000000000
000011010010000000000000000000000000000000000000000000000000000000111100101000011011000101010000
000011011010000000000000000000000000000000000000000000000000000000101111100000011100000100011000
00001110010100000000001111110100001111111001011000000000000000000000000000000000011101000100000000
00001110110100000000000000000000000000000000001111111001110010110000100000000000011110000011111000
000011110110000000000000000000000000000000000000000000000000000000000000000000000000000000000000
000011111110000000000000000000000000000000000000000000000000000000000000000000000000000000000001
00010000010100000000010000100010111100001110000000000000000000000000000000000000100001000100010000
000100001110000000000000000000000000000000000000000000000000000000000000000000000000000000000000
000100010110000000000000000000000000000000000000000000000000000000000000000000000000000000000000
00010001110100001000111010100100000110101000000000000000000000000000000000000000100100000100111000
000100100010000000000000000000000000000000000000000000000000000000110010001000100101000100110000
000100101110000000000000000000000000000000000000000000000000000000000000000000000000000000000000
000100110110000000000000000000000000000000000000000000000000000000000000000000000000000000000000
000100111010000000000000000000000000000000000000000000000000000000110011001000101000000101001000
000101000110000000000000000000000000000000000000000000000000000000000000000000000000000000000001
000101001110000000000000000000000000000000000000000000000000000000000000000000000000000000000001
00010101010100000000000000000000000000000000000000000000000000000000000000000000101011000110000000
000101011010000000000000000000000000000000000000000000000000000001110001011000101100000101111000
000101100010000000000000000000000000000000000000000000000000000001100011011000101101000101110000
000101101110000000000000000000000000000000000000000000000000000000000000000000000000000000000000
000101110110000000000000000000000000000000000000000000000000000000000000000000000000000000000000
000101111110000000000000000000000000000000000000000000000000000000000000000000000000000000000001
00011000010100000000100000000001111010111001000000000000000000000000000000000000110001000110100000
00011000110100000000000000000000000000000000000000000110101001101011110101001000110010000110011000
000110010110000000000000000000000000000000000000000000000000000000000000000000000000000000000001
000110011110000000000000000000000000000000000000000000000000000000000000000000000000000000000001
00011010010100001000000011010000101110001100000000000000000000000000000000000000110101000110110000
000110101110000000000000000000000000000000000000000000000000000000000000000000000000000000000000
000110110110000000000000000000000000000000000000000000000000000000000000000000000000000000000001
00011011110100000111111000001110110100001100000000000000000000000000000000000000111000001010011000
00011100010100000100010001100100101010101000000000000000000000000000000000000000111001001001000000
000111001000000000000000000000000000000000001100011101100001100110111000000000111010001000001000
00011101010100000000101001010100000001010101100000000000000000000000000000000000111011000111110000
000111011010000000000000000000000000000000000000000000000000000000011000000000111100000111101000
000111100110000000000000000000000000000000000000000000000000000000000000000000000000000000000001
000111101110000000000000000000000000000000000000000000000000000000000000000000000000000000000000
00011111010100000011001001001011100010010100000000000000000000000000000000000000111111001000000000
000111111110000000000000000000000000000000000000000000000000000000000000000000000000000000000000
001000000110000000000000000000000000000000000000000000000000000000000000000000000000000000000000
001000001010000000000000000000000000000000000000000000000000000000011110000001000010001000101000
00100001010100000000000000001010010110111010110100111000000000000000000000000001000011001000100000
001000011110000000000000000000000000000000000000000000000000000000000000000000000000000000000001
001000100110000000000000000000000000000000000000000000000000000000000000000000000000000000000000
00100010110100000000000001001010011111011110011000000000000000000000000000000001000110001000111000
001000110110000000000000000000000000000000000000000000000000000000000000000000000000000000000000
001000111110000000000000000000000000000000000000000000000000000000000000000000000000000000000000
001001000010000000000000000000000000000000000000000000000000000000111101001001001001001001110000
001001001010000000000000000000000000000000000000000000000000000000111100100001001010001001011000
001001010110000000000000000000000000000000000000000000000000000000000000000000000000000000000001
00100101110100000111010101000101101111001000000000000000000000000000000000000001001100001001101000
001001100110000000000000000000000000000000000000000000000000000000000000000000000000000000000001
001001101110000000000000000000000000000000000000000000000000000000000000000000000000000000000000
00100111010100000111100001110101001110001100000000000000000000000000000000000001001111001010000000
001001111110000000000000000000000000000000000000000000000000000000000000000000000000000000000001
001010000000000000000000000000000000000000001100011101100001100110111000000001010001001010010000
001010001110000000000000000000000000000000000000000000000000000000000000000000000000000000000000
001010010110000000000000000000000000000000000000000000000000000000000000000000000000000000000001
00101001110100001000011100000010000111111000000000000000000000000000000000000001010100001011011000
001010100010000000000000000000000000000000000000000000000000000000111110001001010101001011010000
001010101010000000000000000000000000000000000000000000000000000000010110100001010110001010111000
001010110110000000000000000000000000000000000000000000000000000000000000000000000000000000000001
00101011110100001000001101000110101111100000000000000000000000000000000000000001011000001011001000
001011000110000000000000000000000000000000000000000000000000000000000000000000000000000000000000
001011001110000000000000000000000000000000000000000000000000000000000000000000000000000000000000
001011010110000000000000000000000000000000000000000000000000000000000000000000000000000000000001
001011011010000000000000000000000000000000000000000000000000000000011000101001011100001100001000
001011100010000000000000000000000000000000000000000000000000000000011000000001011101001011110000
001011101110000000000000000000000000000000000000000000000000000000000000000000000000000000000001
001011110010000000000000000000000000000000000000000000000000000000011000100001011111001100000000
001011111110000000000000000000000000000000000000000000000000000000000000000000000000000000000000
001100000110000000000000000000000000000000000000000000000000000000000000000000000000000000000000
001100001000000000000000000000000000000000001100011101100001100110111000000001100010001100101000
00110001010100010001111111010000110111100000000000000000000000000000000000000001100011001100100000
001100011110000000000000000000000000000000000000000000000000000000000000000000000000000000000001
001100100110000000000000000000000000000000000000000000000000000000000000000000000000000000000001
001100101010000000000000000000000000000000000000000000000000000000111110110001100110001100111000
001100110110000000000000000000000000000000000000000000000000000000000000000000000000000000000001
001100111110000000000000000000000000000000000000000000000000000000000000000000000000000000000001
001101000000000000000000000000000000000000001100011101100001100111011000000001101001010000110000
00110100110100000000000000000000000000000000000000111000000000010000010000100001101010001110101000
00110101010100000000000000000000000000000000000000000000000000000000000010011001101011001101100000
001101011110000000000000000000000000000000000000000000000000000000000000000000000000000000000000
00110110010100000000000000000000000000000000000000000000000000000000001011010001101101001101110000
001101101110000000000000000000000000000000000000000000000000000000000000000000000000000000000001
001101110010000000000000000000000000000000000000000000000000000000011011101001101111001110010000
00110111110100000000000000000000000000000000000000011100000000010000010000100001110000001110001000
001110000110000000000000000000000000000000000000000000000000000000000000000000000000000000000000
001110001110000000000000000000000000000000000000000000000000000000000000000000000000000000000001
00111001010100000000000000000000000000000000000000000000100000000000100000100001110011001110100000
001110011110000000000000000000000000000000000000000000000000000000000000000000000000000000000000
001110100110000000000000000000000000000000000000000000000000000000000000000000000000000000000000
00111010110100000000000000000010000000000000000000000100000000000000000000000001110110001111111000
001110110010000000000000000000000000000000000000000000000000000000100001100001110111001111010000
001110111010000000000000000000000000000000000000000000000000000000011110101001111000001111001000
001111000110000000000000000000000000000000000000000000000000000000000000000000000000000000000000
001111001110000000000000000000000000000000000000000000000000000000000000000000000000000000000001
001111010010000000000000000000000000000000000000000000000000000001101001001001111011001111100000
001111011110000000000000000000000000000000000000000000000000000000000000000000000000000000000000
00111110010100000000000000000000000000000001000111000001101101010001010111000001111101001111110000
001111101110000000000000000000000000000000000000000000000000000000000000000000000000000000000000
001111110110000000000000000000000000000000000000000000000000000000000000000000000000000000000001
001111111010000000000000000000000000000000000000000000000000000000111101111010000000010000001000
010000000110000000000000000000000000000000000000000000000000000000000000000000000000000000000000
010000001010000000000000000000000000000000000000000000000000000001011011011010000010010000101000
01000001010100000100010011000000000000000010000000000000000000000000000000000010000011010000100000
010000011110000000000000000000000000000000000000000000000000000000000000000000000000000000000000
010000100110000000000000000000000000000000000000000000000000000000000000000000000000000000000000
010000101110000000000000000000000000000000000000000000000000000000000000000000000000000000000000
010000110110000000000000000000000000000000000000000000000000000000000000000000000000000000000000
01000011110100000000000000000000000000000000000000000000000000000000000000000010001000010011011000
010001000010000000000000000000000000000000000000000000000000000011001111100010001001010011010000
010001001000000000000000000000000000000000001100011101100001100110111000000010001010010011001000
010001010000000000000000000000000000000000001100011101100001100110101000000010001011010010010000
010001011010000000000000000000000000000000000000000000000000000010101000011010001100010010001000
010001100010000000000000000000000000000000000000000000000000000010000000000010001101010001110000
010001101110000000000000000000000000000000000000000000000000000000000000000000000000000000000000
010001110010000000000000000000000000000000000000000000000000000010010110000010001111010010000000
010001111110000000000000000000000000000000000000000000000000000000000000000000000000000000000001
010010000110000000000000000000000000000000000000000000000000000000000000000000000000000000000000
010010001110000000000000000000000000000000000000000000000000000000000000000000000000000000000001
010010010010000000000000000000000000000000000000000000000000000010100001101010010011010011000000
010010011010000000000000000000000000000000000000000000000000000010001101010010010100010010101000
010010100110000000000000000000000000000000000000000000000000000000000000000000000000000000000000
010010101010000000000000000000000000000000000000000000000000000010011101101010010110010010111000
010010110110000000000000000000000000000000000000000000000000000000000000000000000000000000000001
010010111110000000000000000000000000000000000000000000000000000000000000000000000000000000000000
010011000110000000000000000000000000000000000000000000000000000000000000000000000000000000000001
010011001110000000000000000000000000000000000000000000000000000000000000000000000000000000000000
010011010110000000000000000000000000000000000000000000000000000000000000000000000000000000000000
010011011000000000000000000000000000000000001100011101100001100111011000000010011100010111111000
01001110010100000000000000000000000001110000100101100010011110000000000000000010011101010101110000
010011101000000000000000000000000000000000001100011101100001100111001000000010011110010101011000
01001111010100000000000000000000000000000000000000000000000000000001010000000010011111010100100000
010011111010000000000000000000000000000000000000000000000000000001111111100010100000010100011000
010100000000000000000000000000000000000000001100011101100001100110111000000010100001010100010000
010100001110000000000000000000000000000000000000000000000000000000000000000000000000000000000000
010100010110000000000000000000000000000000000000000000000000000000000000000000000000000000000000
010100011110000000000000000000000000000000000000000000000000000000000000000000000000000000000001
010100100000000000000000000000000000000000001100011101100001100110101000000010100101010101000000
01010010110100000000000000000000000000000000001011001111011110001100100000000010100110010100111000
010100110110000000000000000000000000000000000000000000000000000000000000000000000000000000000001
010100111110000000000000000000000000000000000000000000000000000000000000000000000000000000000001
010101000000000000000000000000000000000000001100011101100001100110111000000010101001010101010000
010101001110000000000000000000000000000000000000000000000000000000000000000000000000000000000001
010101010110000000000000000000000000000000000000000000000000000000000000000000000000000000000001
010101011010000000000000000000000000000000000000000000000000000001111110010010101100010101101000
010101100110000000000000000000000000000000000000000000000000000000000000000000000000000000000001
010101101110000000000000000000000000000000000000000000000000000000000000000000000000000000000000
010101110000000000000000000000000000000000001100011101100001100111001000000010101111010111110000
010101111000000000000000000000000000000000001100011101100001100110101000000010110000010110111000
010110000010000000000000000000000000000000000000000000000000000001111111001010110001010110100000
01011000110100000000000000001000001001011100001001010000000000000000000000000010110010010110011000
010110010110000000000000000000000000000000000000000000000000000000000000000000000000000000000001
010110011110000000000000000000000000000000000000000000000000000000000000000000000000000000000000
01011010010100000000000000000000000001110000101010001011000010000000000000000010110101010110110000
010110101110000000000000000000000000000000000000000000000000000000000000000000000000000000000000
010110110110000000000000000000000000000000000000000000000000000000000000000000000000000000000001
010110111000000000000000000000000000000000001100011101100001100110111000000010111000010111011000
01011100010100010010000100010011011011110000000000000000000000000000000000000010111001010111010000
010111001110000000000000000000000000000000000000000000000000000000000000000000000000000000000001
010111010110000000000000000000000000000000000000000000000000000000000000000000000000000000000000
01011101110100001001100111011000111000010000000000000000000000000000000000000010111100010111101000
010111100110000000000000000000000000000000000000000000000000000000000000000000000000000000000000
010111101110000000000000000000000000000000000000000000000000000000000000000000000000000000000001
010111110110000000000000000000000000000000000000000000000000000000000000000000000000000000000000
010111111000000000000000000000000000000000001100011101100001100111101000000011000000011000101000
01100000010100001101111101111100001001000000000000000000000000000000000000000011000001011000010000
011000001110000000000000000000000000000000000000000000000000000000000000000000000000000000000000
01100001010100010000001010100100111100111000000000000000000000000000000000000011000011011000100000
011000011110000000000000000000000000000000000000000000000000000000000000000000000000000000000001
011000100110000000000000000000000000000000000000000000000000000000000000000000000000000000000000
011000101010000000000000000000000000000000000000000000000000000001111101101011000110011001011000
011000110000000000000000000000000000000000001100011101100001100111111000000011000111011001010000
01100011110100000000000000000000010010001010000000000000000000000000000000000011001000011001001000
011001000110000000000000000000000000000000000000000000000000000000000000000000000000000000000001
011001001110000000000000000000000000000000000000000000000000000000000000000000000000000000000000
011001010110000000000000000000000000000000000000000000000000000000000000000000000000000000000000
011001011110000000000000000000000000000000000000000000000000000000000000000000000000000000000000
011001100010000000000000000000000000000000000000000000000000000000011000000011001101011001110000
011001101110000000000000000000000000000000000000000000000000000000000000000000000000000000000001
01100111010100100111111111111100100110100000000000000000000000000000000000000011001111011110110000
011001111010000000000000000000000000000000000000000000000000000000111110101011010000011101001000
011010000010000000000000000000000000000000000000000000000000000000111101001011010001011100000000
011010001000000000000000000000000000000000001100011101100001100111001000000011010010011011111000
011010010000000000000000000000000000000000001100011101100001100110111000000011010011011011010000
011010011010000000000000000000000000000000000000000000000000000000111100100011010100011010111000
01101010010100010111111111111011010010000000000000000000000000000000000000000011010101011010110000
011010101110000000000000000000000000000000000000000000000000000000000000000000000000000000000001
011010110110000000000000000000000000000000000000000000000000000000000000000000000000000000000000
011010111000000000000000000000000000000000001100011101100001100110101000000011011000011011001000
011011000110000000000000000000000000000000000000000000000000000000000000000000000000000000000000
011011001110000000000000000000000000000000000000000000000000000000000000000000000000000000000000
01101101010100010111101111101001111101010000000000000000000000000000000000000011011011011011100000
011011011110000000000000000000000000000000000000000000000000000000000000000000000000000000000001
011011100010000000000000000000000000000000000000000000000000000000110010111011011101011011110000
011011101110000000000000000000000000000000000000000000000000000000000000000000000000000000000000
011011110110000000000000000000000000000000000000000000000000000000000000000000000000000000000000
011011111110000000000000000000000000000000000000000000000000000000000000000000000000000000000000
011100000010000000000000000000000000000000000000000000000000000000111110100011100001011100010000
011100001110000000000000000000000000000000000000000000000000000000000000000000000000000000000001
01110001010100100010100001101000000000000000000000000000000000000000000000000011100011011101000000
011100011000000000000000000000000000000000001100011101100001100110101000000011100100011100101000
011100100110000000000000000000000000000000000000000000000000000000000000000000000000000000000001
011100101000000000000000000000000000000000001100011101100001100110111000000011100110011100111000
011100110110000000000000000000000000000000000000000000000000000000000000000000000000000000000000
011100111110000000000000000000000000000000000000000000000000000000000000000000000000000000000000
011101000110000000000000000000000000000000000000000000000000000000000000000000000000000000000001
011101001010000000000000000000000000000000000000000000000000000010011001000011101010011101011000
011101010110000000000000000000000000000000000000000000000000000000000000000000000000000000000001
01110101110100100000000011111111110011100000000000000000000000000000000000000011101100011101101000
011101100110000000000000000000000000000000000000000000000000000000000000000000000000000000000001
011101101010000000000000000000000000000000000000000000000000000010100010100011101110011110101000
011101110000000000000000000000000000000000001100011101100001100110111000000011101111011110010000
01110111110100100011101001010110011111000000000000000000000000000000000000000011110000011110001000
011110000110000000000000000000000000000000000000000000000000000000000000000000000000000000000000
011110001110000000000000000000000000000000000000000000000000000000000000000000000000000000000001
011110010000000000000000000000000000000000001100011101100001100111001000000011110011011110100000
011110011110000000000000000000000000000000000000000000000000000000000000000000000000000000000000
011110100110000000000000000000000000000000000000000000000000000000000000000000000000000000000000
011110101110000000000000000000000000000000000000000000000000000000000000000000000000000000000001
01111011010100111101101101110110100011100000000000000000000000000000000000000011110111100000100000
011110111010000000000000000000000000000000000000000000000000000000110011101011111000100000011000
01111100010100101000110110110000101110100000000000000000000000000000000000000011111001011111100000
01111100110100101000110101100000101111100000000000000000000000000000000000000011111010011111011000
011111010110000000000000000000000000000000000000000000000000000000000000000000000000000000000001
011111011110000000000000000000000000000000000000000000000000000000000000000000000000000000000000
01111110010100101011011010100101111111100000000000000000000000000000000000000011111101011111110000
011111101110000000000000000000000000000000000000000000000000000000000000000000000000000000000001
01111111010100101100000000101100100010000000000000000000000000000000000000000011111111100000010000
01111111110100101011111110001100000100100000000000000000000000000000000000000100000000100000001000
100000000110000000000000000000000000000000000000000000000000000000000000000000000000000000000001
100000001110000000000000000000000000000000000000000000000000000000000000000000000000000000000000
100000010110000000000000000000000000000000000000000000000000000000000000000000000000000000000001
100000011110000000000000000000000000000000000000000000000000000000000000000000000000000000000001
100000100010000000000000000000000000000000000000000000000000000000111110001100000101100011100000
10000010110101101000110111100100001010000000000000000000000000000000000000000100000110100010101000
100000110010000000000000000000000000000000000000000000000000000000110011000100000111100001110000
100000111000000000000000000000000000000000001100011101100001100110101000000100001000100001011000
100001000010000000000000000000000000000000000000000000000000000000011111001100001001100001010000
100001001110000000000000000000000000000000000000000000000000000000000000000000000000000000000000
100001010110000000000000000000000000000000000000000000000000000000000000000000000000000000000001
10000101110100111101111001001011000011100000000000000000000000000000000000000100001100100001101000
100001100110000000000000000000000000000000000000000000000000000000000000000000000000000000000000
100001101110000000000000000000000000000000000000000000000000000000000000000000000000000000000001
100001110010000000000000000000000000000000000000000000000000000000110011101100001111100010010000
100001111000000000000000000000000000000000001100011101100001100110111000000100010000100010001000
100010000110000000000000000000000000000000000000000000000000000000000000000000000000000000000000
100010001110000000000000000000000000000000000000000000000000000000000000000000000000000000000000
100010010000000000000000000000000000000000001100011101100001100110111000000100010011100010100000
100010011110000000000000000000000000000000000000000000000000000000000000000000000000000000000001
100010100110000000000000000000000000000000000000000000000000000000000000000000000000000000000000
100010101010000000000000000000000000000000000000000000000000000000110011000100010110100010111000
100010110110000000000000000000000000000000000000000000000000000000000000000000000000000000000001
100010111000000000000000000000000000000000001100011101100001100111010000000100011000100011011000
100011000010000000000000000000000000000000000000000000000000000000110011001100011001100011010000
100011001110000000000000000000000000000000000000000000000000000000000000000000000000000000000000
100011010110000000000000000000000000000000000000000000000000000000000000000000000000000000000001
100011011110000000000000000000000000000000000000000000000000000000000000000000000000000000000000
10001110010101000000000000100100000100000000000000000000000000000000000000000100011101100100110000
100011101000000000000000000000000000000000001100011101100001100110111000000100011110100100011000
100011110010000000000000000000000000000000000000000000000000000001111101111100011111100100010000
100011111010000000000000000000000000000000000000000000000000000001111101100100100000100100001000
100100000110000000000000000000000000000000000000000000000000000000000000000000000000000000000001
100100001110000000000000000000000000000000000000000000000000000000000000000000000000000000000000
100100010110000000000000000000000000000000000000000000000000000000000000000000000000000000000001
10010001110100111111111111111101001000000000000000000000000000000000000000000100100100100100101000
100100100110000000000000000000000000000000000000000000000000000000000000000000000000000000000001
100100101110000000000000000000000000000000000000000000000000000000000000000000000000000000000000
100100110110000000000000000000000000000000000000000000000000000000000000000000000000000000000001
