00000000010100010010000101010100110001010000000000000000000000000000000000000000000001011001100000
000000001010000000000000000000000000000000000000000000000000000001111010001000000010001110101000
000000010000000000000000000000000000000000001100011101100001100111001000000000000011001011010000
000000011000000000000000000000000000000000001100011101100001100110101000000000000100000101001000
000000100010000000000000000000000000000000000000000000000000000000011000100000000101000010000000
000000101010000000000000000000000000000000000000000000000000000000011000000000000110000000111000
000000110110000000000000000000000000000000000000000000000000000000000000000000000000000000000001
000000111010000000000000000000000000000000000000000000000000000000011000001000001000000001111000
00000100010100000000000000000000000000000001001111111011011001111110000000000000001001000001100000
00000100110100000000000000000000000000000000000000000000000000000000000010111000001010000001011000
000001010110000000000000000000000000000000000000000000000000000000000000000000000000000000000001
000001011110000000000000000000000000000000000000000000000000000000000000000000000000000000000001
00000110010100000000101010000010101110111000000000000000000000000000000000000000001101000001110000
000001101110000000000000000000000000000000000000000000000000000000000000000000000000000000000000
000001110110000000000000000000000000000000000000000000000000000000000000000000000000000000000000
000001111110000000000000000000000000000000000000000000000000000000000000000000000000000000000001
00001000010100000000000000000000000000000000000000000000000000000000000000000000010001000011010000
000010001010000000000000000000000000000000000000000000000000000001110001011000010010000011001000
000010010010000000000000000000000000000000000000000000000000000000100100110000010011000010110000
000010011010000000000000000000000000000000000000000000000000000000011001001000010100000010101000
000010100110000000000000000000000000000000000000000000000000000000000000000000000000000000000000
000010101110000000000000000000000000000000000000000000000000000000000000000000000000000000000001
000010110010000000000000000000000000000000000000000000000000000001000000010000010111000011000000
000010111110000000000000000000000000000000000000000000000000000000000000000000000000000000000000
000011000110000000000000000000000000000000000000000000000000000000000000000000000000000000000000
000011001110000000000000000000000000000000000000000000000000000000000000000000000000000000000001
00001101010100000000001111111111100010001000100000000000000000000000000000000000011011000100010000
000011011010000000000000000000000000000000000000000000000000000000111100001000011100000011111000
000011100010000000000000000000000000000000000000000000000000000000011110000000011101000011110000
000011101110000000000000000000000000000000000000000000000000000000000000000000000000000000000001
000011110110000000000000000000000000000000000000000000000000000000000000000000000000000000000000
00001111110100000000000000000000000000000000000000000111111011111101011011111000100000000100001000
000100000110000000000000000000000000000000000000000000000000000000000000000000000000000000000001
000100001110000000000000000000000000000000000000000000000000000000000000000000000000000000000001
00010001010100001000111010100011111100101000000000000000000000000000000000000000100011000100110000
000100011010000000000000000000000000000000000000000000000000000000111110110000100100000100101000
000100100110000000000000000000000000000000000000000000000000000000000000000000000000000000000000
000100101110000000000000000000000000000000000000000000000000000000000000000000000000000000000001
000100110010000000000000000000000000000000000000000000000000000000011000101000100111000101000000
000100111110000000000000000000000000000000000000000000000000000000000000000000000000000000000000
000101000110000000000000000000000000000000000000000000000000000000000000000000000000000000000001
000101001010000000000000000000000000000000000000000000000000000000111100101000101010000111011000
000101010010000000000000000000000000000000000000000000000000000000011000000000101011000101100000
000101011110000000000000000000000000000000000000000000000000000000000000000000000000000000000001
00010110010100000000000000000000000000000000000000000000000001111111101111100000101101000110100000
000101101010000000000000000000000000000000000000000000000000000000100110011000101110000110001000
00010111010100000000000000000000000000000000000000000000000000011110101010100000101111000110000000
000101111110000000000000000000000000000000000000000000000000000000000000000000000000000000000001
000110000110000000000000000000000000000000000000000000000000000000000000000000000000000000000001
000110001000000000000000000000000000000000001100011101100001100110111000000000110010000110011000
000110010110000000000000000000000000000000000000000000000000000000000000000000000000000000000000
000110011110000000000000000000000000000000000000000000000000000000000000000000000000000000000000
000110100010000000000000000000000000000000000000000000000000000000101111100000110101000111000000
00011010110100000000010000000000001001110001000000000000000000000000000000000000110110000110111000
000110110110000000000000000000000000000000000000000000000000000000000000000000000000000000000000
000110111110000000000000000000000000000000000000000000000000000000000000000000000000000000000000
000111000000000000000000000000000000000000001100011101100001100110111000000000111001000111010000
000111001110000000000000000000000000000000000000000000000000000000000000000000000000000000000000
000111010110000000000000000000000000000000000000000000000000000000000000000000000000000000000000
000111011000000000000000000000000000000000001100011101100001100110111000000000111100001001011000
000111100010000000000000000000000000000000000000000000000000000001011000010000111101001000100000
00011110110100000000000000000000000000000000000000000000000000000000000000001000111110001000001000
000111110010000000000000000000000000000000000000000000000000000001000100000000111111001000000000
000111111110000000000000000000000000000000000000000000000000000000000000000000000000000000000000
001000000110000000000000000000000000000000000000000000000000000000000000000000000000000000000001
00100000110100000000000001010000000000000110000001000000000000000000000000000001000010001000011000
001000010110000000000000000000000000000000000000000000000000000000000000000000000000000000000001
001000011110000000000000000000000000000000000000000000000000000000000000000000000000000000000001
001000100010000000000000000000000000000000000000000000000000000001101001010001000101001001000000
00100010110100000000000000000000010100100101011111000111010000000000000000000001000110001000111000
001000110110000000000000000000000000000000000000000000000000000000000000000000000000000000000000
001000111110000000000000000000000000000000000000000000000000000000000000000000000000000000000001
00100100010100000000101001011000000000000000000000000000000000000000000000000001001001001001010000
001001001110000000000000000000000000000000000000000000000000000000000000000000000000000000000001
001001010110000000000000000000000000000000000000000000000000000000000000000000000000000000000000
001001011010000000000000000000000000000000000000000000000000000001011000010001001100001010011000
001001100010000000000000000000000000000000000000000000000000000000111110011001001101001010000000
001001101010000000000000000000000000000000000000000000000000000000111110010001001110001001111000
001001110110000000000000000000000000000000000000000000000000000000000000000000000000000000000001
001001111110000000000000000000000000000000000000000000000000000000000000000000000000000000000000
001010000010000000000000000000000000000000000000000000000000000000111110101001010001001010010000
001010001110000000000000000000000000000000000000000000000000000000000000000000000000000000000001
001010010110000000000000000000000000000000000000000000000000000000000000000000000000000000000001
001010011010000000000000000000000000000000000000000000000000000001101001011001010100001010111000
00101010010100000000000000000000100011011101111011000100000000000000000000000001010101001010110000
001010101110000000000000000000000000000000000000000000000000000000000000000000000000000000000000
001010110110000000000000000000000000000000000000000000000000000000000000000000000000000000000001
001010111010000000000000000000000000000000000000000000000000000001111000000001011000001011001000
001011000110000000000000000000000000000000000000000000000000000000000000000000000000000000000001
001011001110000000000000000000000000000000000000000000000000000000000000000000000000000000000000
001011010000000000000000000000000000000000001100011101100001100111011000000001011011001110100000
001011011010000000000000000000000000000000000000000000000000000000011011101001011100001100011000
00101110010100000000000000000000000000000000000000111000000000010000010000100001011101001100010000
00101110110100000000000000000000000000000000000000000000000000010000000010000001011110001011111000
001011110110000000000000000000000000000000000000000000000000000000000000000000000000000000000001
00101111110100000000000000000000000000000000000000011100000000010000010000100001100000001100001000
001100000110000000000000000000000000000000000000000000000000000000000000000000000000000000000000
001100001110000000000000000000000000000000000000000000000000000000000000000000000000000000000001
001100010110000000000000000000000000000000000000000000000000000000000000000000000000000000000000
00110001110100000000000000000010000000000000000000000100000000000000000000000001100100001101101000
00110010010100000000000000000001010000000000000000000000000000000000000000000001100101001101100000
001100101010000000000000000000000000000000000000000000000000000001101001001001100110001101001000
00110011010100000000000000000000000000000000000000000000100000001101100001111001100111001101000000
001100111110000000000000000000000000000000000000000000000000000000000000000000000000000000000000
001101000110000000000000000000000000000000000000000000000000000000000000000000000000000000000000
00110100110100000000000000000000000000000001000111000001101101010001010111000001101010001101011000
001101010110000000000000000000000000000000000000000000000000000000000000000000000000000000000000
001101011110000000000000000000000000000000000000000000000000000000000000000000000000000000000001
001101100110000000000000000000000000000000000000000000000000000000000000000000000000000000000001
001101101010000000000000000000000000000000000000000000000000000000111101111001101110001101111000
001101110110000000000000000000000000000000000000000000000000000000000000000000000000000000000000
001101111010000000000000000000000000000000000000000000000000000001011011011001110000001110011000
00111000010100000100010011000000000000000010000000000000000000000000000000000001110001001110010000
001110001110000000000000000000000000000000000000000000000000000000000000000000000000000000000000
001110010110000000000000000000000000000000000000000000000000000000000000000000000000000000000000
001110011110000000000000000000000000000000000000000000000000000000000000000000000000000000000000
001110100110000000000000000000000000000000000000000000000000000000000000000000000000000000000000
001110101010000000000000000000000000000000000000000000000000000010100101010001110110010111101000
00111011010100000000000000000000000001110000100100010100001111000000000000000001110111010011000000
001110111010000000000000000000000000000000000000000000000000000001111111000001111000010001001000
001111000000000000000000000000000000000000001100011101100001100110101000000001111001010000000000
00111100110100000000000000000000000000000000000000000000000000000000000000110001111010001111011000
001111010110000000000000000000000000000000000000000000000000000000000000000000000000000000000000
001111011010000000000000000000000000000000000000000000000000000001111101000001111100001111101000
001111100110000000000000000000000000000000000000000000000000000000000000000000000000000000000001
00111110110100000000000000000000000000001101001100010100001111011111100000000001111110001111111000
001111110110000000000000000000000000000000000000000000000000000000000000000000000000000000000001
001111111110000000000000000000000000000000000000000000000000000000000000000000000000000000000001
010000000000000000000000000000000000000000001100011101100001100111100000000010000001010000110000
010000001010000000000000000000000000000000000000000000000000000001111101000010000010010000011000
010000010110000000000000000000000000000000000000000000000000000000000000000000000000000000000001
01000001110100000000000000000000000000000000000000000000000000000000000001100010000100010000101000
010000100110000000000000000000000000000000000000000000000000000000000000000000000000000000000000
010000101110000000000000000000000000000000000000000000000000000000000000000000000000000000000001
01000011010100000000000000000000000000000010100000000000000000000000000000000010000111010001000000
010000111110000000000000000000000000000000000000000000000000000000000000000000000000000000000000
010001000110000000000000000000000000000000000000000000000000000000000000000000000000000000000001
010001001000000000000000000000000000000000001100011101100001100111001000000010001010010010111000
01000101010100000000000000000000000000000000000000000000000000000000000000000010001011010010000000
010001011000000000000000000000000000000000001100011101100001100110111000000010001100010001111000
010001100010000000000000000000000000000000000000000000000000000010000000000010001101010001110000
010001101110000000000000000000000000000000000000000000000000000000000000000000000000000000000000
010001110110000000000000000000000000000000000000000000000000000000000000000000000000000000000000
010001111110000000000000000000000000000000000000000000000000000000000000000000000000000000000000
01001000010100000000000000000000000000000000000000000000000000000001101001000010010001010010100000
010010001000000000000000000000000000000000001100011101100001100110111000000010010010010010011000
010010010110000000000000000000000000000000000000000000000000000000000000000000000000000000000001
010010011110000000000000000000000000000000000000000000000000000000000000000000000000000000000000
010010100010000000000000000000000000000000000000000000000000000001111111001010010101010010110000
010010101110000000000000000000000000000000000000000000000000000000000000000000000000000000000000
010010110110000000000000000000000000000000000000000000000000000000000000000000000000000000000001
010010111110000000000000000000000000000000000000000000000000000000000000000000000000000000000000
010011000000000000000000000000000000000000001100011101100001100111001000000010011001010110100000
010011001000000000000000000000000000000000001100011101100001100110111000000010011010010100111000
010011010010000000000000000000000000000000000000000000000000000001111111001010011011010100010000
010011011000000000000000000000000000000000001100011101100001100110101000000010011100010011111000
01001110010100000110010110111001011000110100000000000000000000000000000000000010011101010011110000
010011101110000000000000000000000000000000000000000000000000000000000000000000000000000000000000
010011110110000000000000000000000000000000000000000000000000000000000000000000000000000000000001
010011111010000000000000000000000000000000000000000000000000000001111101000010100000010100001000
010100000110000000000000000000000000000000000000000000000000000000000000000000000000000000000001
010100001110000000000000000000000000000000000000000000000000000000000000000000000000000000000000
010100010010000000000000000000000000000000000000000000000000000010011000000010100011010100100000
010100011110000000000000000000000000000000000000000000000000000000000000000000000000000000000001
010100100010000000000000000000000000000000000000000000000000000010011000001010100101010100110000
010100101110000000000000000000000000000000000000000000000000000000000000000000000000000000000000
010100110110000000000000000000000000000000000000000000000000000000000000000000000000000000000001
010100111010000000000000000000000000000000000000000000000000000001111110000010101000010101101000
010101000010000000000000000000000000000000000000000000000000000001111101000010101001010101010000
010101001110000000000000000000000000000000000000000000000000000000000000000000000000000000000001
01010101010100001001100111010000111000100000000000000000000000000000000000000010101011010101100000
010101011110000000000000000000000000000000000000000000000000000000000000000000000000000000000000
010101100110000000000000000000000000000000000000000000000000000000000000000000000000000000000001
01010110110100000000000010111010100010101001111110000000000000000000000000000010101110010110001000
010101110010000000000000000000000000000000000000000000000000000010011001110010101111010110000000
010101111110000000000000000000000000000000000000000000000000000000000000000000000000000000000001
010110000110000000000000000000000000000000000000000000000000000000000000000000000000000000000000
010110001010000000000000000000000000000000000000000000000000000001111111010010110010010110011000
010110010110000000000000000000000000000000000000000000000000000000000000000000000000000000000000
010110011110000000000000000000000000000000000000000000000000000000000000000000000000000000000000
010110100000000000000000000000000000000000001100011101100001100111101000000010110101010111100000
010110101000000000000000000000000000000000001100011101100001100111011000000010110110010110111000
010110110110000000000000000000000000000000000000000000000000000000000000000000000000000000000000
010110111010000000000000000000000000000000000000000000000000000001111101101010111000010111011000
01011100010100001101111110001100001001100000000000000000000000000000000000000010111001010111010000
010111001110000000000000000000000000000000000000000000000000000000000000000000000000000000000000
010111010110000000000000000000000000000000000000000000000000000000000000000000000000000000000001
010111011110000000000000000000000000000000000000000000000000000000000000000000000000000000000000
010111100110000000000000000000000000000000000000000000000000000000000000000000000000000000000000
010111101010000000000000000000000000000000000000000000000000000011101110000010111110010111111000
010111110110000000000000000000000000000000000000000000000000000000000000000000000000000000000001
01011111110100000000000000000000000000000000000000000000000000000000000000000011000000011000001000
011000000110000000000000000000000000000000000000000000000000000000000000000000000000000000000000
011000001000000000000000000000000000000000001100011101100001100111001000000011000010011001011000
011000010010000000000000000000000000000000000000000000000000000011101110011011000011011001010000
011000011000000000000000000000000000000000001100011101100001100110111000000011000100011000111000
011000100000000000000000000000000000000000001100011101100001100110101000000011000101011000110000
011000101110000000000000000000000000000000000000000000000000000000000000000000000000000000000000
011000110110000000000000000000000000000000000000000000000000000000000000000000000000000000000000
01100011110100000000000100001100000100010001011000000000000000000000000000000011001000011001001000
011001000110000000000000000000000000000000000000000000000000000000000000000000000000000000000000
011001001110000000000000000000000000000000000000000000000000000000000000000000000000000000000001
011001010110000000000000000000000000000000000000000000000000000000000000000000000000000000000001
011001011110000000000000000000000000000000000000000000000000000000000000000000000000000000000000
01100110010100010111111111111010011011000000000000000000000000000000000000000011001101011001110000
011001101110000000000000000000000000000000000000000000000000000000000000000000000000000000000001
01100111010100100111111111111100100110100000000000000000000000000000000000000011001111011110100000
011001111010000000000000000000000000000000000000000000000000000000111110101011010000011101001000
011010000010000000000000000000000000000000000000000000000000000000011000000011010001011010010000
011010001110000000000000000000000000000000000000000000000000000000000000000000000000000000000001
011010010010000000000000000000000000000000000000000000000000000000111101001011010011011100010000
011010011010000000000000000000000000000000000000000000000000000000110011000011010100011011011000
011010100010000000000000000000000000000000000000000000000000000000011000101011010101011011000000
011010101000000000000000000000000000000000001100011101100001100110101000000011010110011010111000
011010110110000000000000000000000000000000000000000000000000000000000000000000000000000000000000
011010111110000000000000000000000000000000000000000000000000000000000000000000000000000000000000
01101100010100100011011100111001001111100000000000000000000000000000000000000011011001011011010000
011011001110000000000000000000000000000000000000000000000000000000000000000000000000000000000001
011011010110000000000000000000000000000000000000000000000000000000000000000000000000000000000000
011011011000000000000000000000000000000000001100011101100001100110111000000011011100011011111000
01101110010100011111111110011001011111010000000000000000000000000000000000000011011101011011110000
011011101110000000000000000000000000000000000000000000000000000000000000000000000000000000000001
011011110110000000000000000000000000000000000000000000000000000000000000000000000000000000000000
011011111000000000000000000000000000000000001100011101100001100111001000000011100000011100001000
011100000110000000000000000000000000000000000000000000000000000000000000000000000000000000000000
011100001110000000000000000000000000000000000000000000000000000000000000000000000000000000000000
01110001010100100010011100000001011000000000000000000000000000000000000000000011100011011101000000
011100011010000000000000000000000000000000000000000000000000000000111110100011100100011100101000
011100100110000000000000000000000000000000000000000000000000000000000000000000000000000000000001
011100101000000000000000000000000000000000001100011101100001100110111000000011100110011100111000
011100110110000000000000000000000000000000000000000000000000000000000000000000000000000000000000
011100111110000000000000000000000000000000000000000000000000000000000000000000000000000000000000
011101000110000000000000000000000000000000000000000000000000000000000000000000000000000000000001
011101001000000000000000000000000000000000001100011101100001100111001000000011101010011110011000
01110101010100100000000011110011100010100000000000000000000000000000000000000011101011011101100000
011101011110000000000000000000000000000000000000000000000000000000000000000000000000000000000001
011101100010000000000000000000000000000000000000000000000000000010011001000011101101011101110000
011101101110000000000000000000000000000000000000000000000000000000000000000000000000000000000001
011101110010000000000000000000000000000000000000000000000000000010100010100011101111011110010000
011101111010000000000000000000000000000000000000000000000000000010011001001011110000011110001000
011110000110000000000000000000000000000000000000000000000000000000000000000000000000000000000000
011110001110000000000000000000000000000000000000000000000000000000000000000000000000000000000000
011110010110000000000000000000000000000000000000000000000000000000000000000000000000000000000001
011110011110000000000000000000000000000000000000000000000000000000000000000000000000000000000000
011110100000000000000000000000000000000000001100011101100001100111001000000011110101100011110000
011110101010000000000000000000000000000000000000000000000000000000111110001011110110100010001000
01111011010100111101101101101001000001000000000000000000000000000000000000000011110111100000100000
011110111010000000000000000000000000000000000000000000000000000000110011000011111000011111101000
011111000010000000000000000000000000000000000000000000000000000000100101011011111001011111100000
01111100110100101011100000011101101110000000000000000000000000000000000000000011111010011111011000
011111010110000000000000000000000000000000000000000000000000000000000000000000000000000000000001
011111011110000000000000000000000000000000000000000000000000000000000000000000000000000000000001
011111100110000000000000000000000000000000000000000000000000000000000000000000000000000000000001
011111101000000000000000000000000000000000001100011101100001100110101000000011111110100000001000
01111111010100101000111001101001010000100000000000000000000000000000000000000011111111100000000000
011111111110000000000000000000000000000000000000000000000000000000000000000000000000000000000000
100000000110000000000000000000000000000000000000000000000000000000000000000000000000000000000001
100000001010000000000000000000000000000000000000000000000000000000110011001100000010100000011000
100000010110000000000000000000000000000000000000000000000000000000000000000000000000000000000000
100000011110000000000000000000000000000000000000000000000000000000000000000000000000000000000001
10000010010101101000110111011111011000000000000000000000000000000000000000000100000101100001100000
10000010110101100111111111010101000110000000000000000000000000000000000000000100000110100001001000
100000110000000000000000000000000000000000001100011101100001100110111000000100000111100001000000
100000111110000000000000000000000000000000000000000000000000000000000000000000000000000000000001
100001000110000000000000000000000000000000000000000000000000000000000000000000000000000000000000
100001001000000000000000000000000000000000001100011101100001100110111000000100001010100001011000
100001010110000000000000000000000000000000000000000000000000000000000000000000000000000000000000
100001011110000000000000000000000000000000000000000000000000000000000000000000000000000000000000
100001100010000000000000000000000000000000000000000000000000000000110011000100001101100001110000
100001101110000000000000000000000000000000000000000000000000000000000000000000000000000000000001
100001110010000000000000000000000000000000000000000000000000000000110011010100001111100010000000
100001111110000000000000000000000000000000000000000000000000000000000000000000000000000000000000
100010000110000000000000000000000000000000000000000000000000000000000000000000000000000000000001
100010001010000000000000000000000000000000000000000000000000000001111101101100010010100011101000
100010010000000000000000000000000000000000001100011101100001100110111000000100010011100011000000
10001001110101000000000001000110010111000000000000000000000000000000000000000100010100100010111000
100010100010000000000000000000000000000000000000000000000000000001111101100100010101100010110000
100010101110000000000000000000000000000000000000000000000000000000000000000000000000000000000001
100010110110000000000000000000000000000000000000000000000000000000000000000000000000000000000000
100010111110000000000000000000000000000000000000000000000000000000000000000000000000000000000001
100011000010000000000000000000000000000000000000000000000000000001111101100100011001100011010000
100011001110000000000000000000000000000000000000000000000000000000000000000000000000000000000001
10001101010101011001110001100110110100000000000000000000000000000000000000000100011011100011100000
100011011110000000000000000000000000000000000000000000000000000000000000000000000000000000000000
100011100110000000000000000000000000000000000000000000000000000000000000000000000000000000000001
100011101110000000000000000000000000000000000000000000000000000000000000000000000000000000000001
100011110110000000000000000000000000000000000000000000000000000000000000000000000000000000000000
