00000000010100010010000101010100110001010000000000000000000000000000000000000000000001011101000000
000000001000000000000000000000000000000000001100011101100001100111001000000000000010010110101000
000000010000000000000000000000000000000000001100011101100001100110101000000000000011001000100000
000000011010000000000000000000000000000000000000000000000000000000011000100000000100000010011000
000000100010000000000000000000000000000000000000000000000000000000011000000000000101000000110000
000000101110000000000000000000000000000000000000000000000000000000000000000000000000000000000001
000000110010000000000000000000000000000000000000000000000000000000011000001000000111000010010000
00000011110100000000000000000000000000000001001111111011011001111110000000000000001000000001011000
00000100010100000000000000000000000000000000000000000000000000000000000010111000001001000001010000
000001001110000000000000000000000000000000000000000000000000000000000000000000000000000000000001
000001010110000000000000000000000000000000000000000000000000000000000000000000000000000000000001
00000101110100000000000000000011111101010000111111001010000000000000000000000000001100000001111000
00000110010100000000000000000000000000101011110010001101101000000110000000000000001101000001110000
000001101110000000000000000000000000000000000000000000000000000000000000000000000000000000000000
000001110110000000000000000000000000000000000000000000000000000000000000000000000000000000000001
00000111110100000110001110001111000010010000000000000000000000000000000000000000010000000010001000
000010000110000000000000000000000000000000000000000000000000000000000000000000000000000000000000
000010001110000000000000000000000000000000000000000000000000000000000000000000000000000000000000
000010010110000000000000000000000000000000000000000000000000000000000000000000000000000000000001
00001001110100000000000000000000000000000000000000000000000000000000000000000000010100000100101000
000010100010000000000000000000000000000000000000000000000000000010000000000000010101000011110000
000010101010000000000000000000000000000000000000000000000000000000100100110000010110000011001000
000010110010000000000000000000000000000000000000000000000000000000011001001000010111000011000000
000010111110000000000000000000000000000000000000000000000000000000000000000000000000000000000000
000011000110000000000000000000000000000000000000000000000000000000000000000000000000000000000001
000011001010000000000000000000000000000000000000000000000000000001000000010000011010000011011000
000011010110000000000000000000000000000000000000000000000000000000000000000000000000000000000000
000011011010000000000000000000000000000000000000000000000000000001100011011000011100000011101000
000011100110000000000000000000000000000000000000000000000000000000000000000000000000000000000001
000011101110000000000000000000000000000000000000000000000000000000000000000000000000000000000000
000011110010000000000000000000000000000000000000000000000000000010010110000000011111000100000000
000011111110000000000000000000000000000000000000000000000000000000000000000000000000000000000001
000100000010000000000000000000000000000000000000000000000000000011101000001000100001000100100000
000100001010000000000000000000000000000000000000000000000000000010101000011000100010000100011000
000100010110000000000000000000000000000000000000000000000000000000000000000000000000000000000000
000100011110000000000000000000000000000000000000000000000000000000000000000000000000000000000001
000100100110000000000000000000000000000000000000000000000000000000000000000000000000000000000000
00010010110100000000000000000000000000000000000000001000000000111101101001110000100110000110101000
00010011010100000000000000000000000000000000000000000000110001011110000011010000100111000101110000
000100111010000000000000000000000000000000000000000000000000000000111100001000101000000101011000
000101000010000000000000000000000000000000000000000000000000000000111100000000101001000101010000
000101001110000000000000000000000000000000000000000000000000000000000000000000000000000000000001
000101010110000000000000000000000000000000000000000000000000000000000000000000000000000000000000
00010101110100000000000000000000000000000000000000000000000000000001000000111000101100000101101000
000101100110000000000000000000000000000000000000000000000000000000000000000000000000000000000001
000101101110000000000000000000000000000000000000000000000000000000000000000000000000000000000001
00010111010100000000000000000000000000000000000000000111011001111101110000101000101111000110010000
00010111110100000000000000000000000000000000000000000100101001111010100101001000110000000110001000
000110000110000000000000000000000000000000000000000000000000000000000000000000000000000000000001
000110001110000000000000000000000000000000000000000000000000000000000000000000000000000000000001
00011001010100000000000000000000000000000000000000000111011010000010001010001000110011000110100000
000110011110000000000000000000000000000000000000000000000000000000000000000000000000000000000000
000110100110000000000000000000000000000000000000000000000000000000000000000000000000000000000001
00011010110100000000011111111010110000111101000000000000000000000000000000000000110110000111101000
000110110010000000000000000000000000000000000000000000000000000000111100001000110111000111010000
00011011110100000000000000000000000000000000011111100100110100101111000000000000111000000111001000
000111000110000000000000000000000000000000000000000000000000000000000000000000000000000000000000
000111001110000000000000000000000000000000000000000000000000000000000000000000000000000000000000
00011101010100000000000000000000000000000000000000101101111110001001001101100000111011000111100000
000111011110000000000000000000000000000000000000000000000000000000000000000000000000000000000000
000111100110000000000000000000000000000000000000000000000000000000000000000000000000000000000001
000111101010000000000000000000000000000000000000000000000000000000111110101000111110001000001000
00011111010100001001000110000110101001001000000000000000000000000000000000000000111111001000000000
000111111110000000000000000000000000000000000000000000000000000000000000000000000000000000000000
001000000110000000000000000000000000000000000000000000000000000000000000000000000000000000000000
00100000110100000011101101000110000101011110000000000000000000000000000000000001000010001000011000
001000010110000000000000000000000000000000000000000000000000000000000000000000000000000000000000
001000011110000000000000000000000000000000000000000000000000000000000000000000000000000000000001
001000100000000000000000000000000000000000001100011101100001100110111000000001000101010000000000
001000101010000000000000000000000000000000000000000000000000000001101001010001000110001100101000
00100011010100000000010000000000001010000010100000000000000000000000000000000001000111001010110000
00100011110100000000000001000000100011011000100111000000000000000000000000000001001000001001111000
00100100010100000000000000000000000000000000000000001000001110001001000000001001001001001001100000
00100100110100000000000000000000000000000000000000000000000000000000000000010001001010001001011000
001001010110000000000000000000000000000000000000000000000000000000000000000000000000000000000000
001001011110000000000000000000000000000000000000000000000000000000000000000000000000000000000001
001001100010000000000000000000000000000000000000000000000000000000011000000001001101001001110000
001001101110000000000000000000000000000000000000000000000000000000000000000000000000000000000001
001001110110000000000000000000000000000000000000000000000000000000000000000000000000000000000000
00100111110100000000000001010000000000000110000001000000000000000000000000000001010000001010011000
001010000010000000000000000000000000000000000000000000000000000000011100010001010001001010010000
001010001110000000000000000000000000000000000000000000000000000000000000000000000000000000000001
001010010110000000000000000000000000000000000000000000000000000000000000000000000000000000000001
00101001110100000000001111101001001101010011010000000000000000000000000000000001010100001010101000
001010100110000000000000000000000000000000000000000000000000000000000000000000000000000000000001
001010101110000000000000000000000000000000000000000000000000000000000000000000000000000000000001
00101011010100000100010001100000101010101000000000000000000000000000000000000001010111001011110000
00101011110100000000100000000001010111011000100000000000000000000000000000000001011000001011011000
00101100010100000000010000100000010101111111000000000000000000000000000000000001011001001011010000
001011001110000000000000000000000000000000000000000000000000000000000000000000000000000000000000
001011010110000000000000000000000000000000000000000000000000000000000000000000000000000000000001
00101101110100000011001001001011100010010100000000000000000000000000000000000001011100001011101000
001011100110000000000000000000000000000000000000000000000000000000000000000000000000000000000000
001011101110000000000000000000000000000000000000000000000000000000000000000000000000000000000000
00101111010100000111100000100110101100010100000000000000000000000000000000000001011111001100010000
001011111010000000000000000000000000000000000000000000000000000000111101001001100000001100001000
001100000110000000000000000000000000000000000000000000000000000000000000000000000000000000000001
001100001110000000000000000000000000000000000000000000000000000000000000000000000000000000000001
001100010010000000000000000000000000000000000000000000000000000000111110111001100011001100100000
001100011110000000000000000000000000000000000000000000000000000000000000000000000000000000000000
001100100110000000000000000000000000000000000000000000000000000000000000000000000000000000000001
001100101010000000000000000000000000000000000000000000000000000001111111011001100110001110101000
00110011010100000000101001011000000000000000000000000000000000000000000000000001100111001101110000
001100111010000000000000000000000000000000000000000000000000000001111110000001101000001101011000
001101000010000000000000000000000000000000000000000000000000000001111010000001101001001101010000
001101001110000000000000000000000000000000000000000000000000000000000000000000000000000000000001
001101010110000000000000000000000000000000000000000000000000000000000000000000000000000000000001
00110101110100000000000000011010101000000000010010001000000000000000000000000001101100001101101000
001101100110000000000000000000000000000000000000000000000000000000000000000000000000000000000000
001101101110000000000000000000000000000000000000000000000000000000000000000000000000000000000000
00110111010100001001100111000000111000100000000000000000000000000000000000000001101111001110010000
00110111110100000011111001010001000111000000000000000000000000000000000000000001110000001110001000
001110000110000000000000000000000000000000000000000000000000000000000000000000000000000000000000
001110001110000000000000000000000000000000000000000000000000000000000000000000000000000000000000
00111001010100001011110011110011111111010000000000000000000000000000000000000001110011001110100000
001110011110000000000000000000000000000000000000000000000000000000000000000000000000000000000001
001110100110000000000000000000000000000000000000000000000000000000000000000000000000000000000001
00111010110100000000000000000000000000000000000000000000000000000000000000000001110110001111011000
001110110010000000000000000000000000000000000000000000000000000010011101101001110111001111000000
001110111110000000000000000000000000000000000000000000000000000000000000000000000000000000000001
001111000010000000000000000000000000000000000000000000000000000011001101001001111001001111010000
001111001110000000000000000000000000000000000000000000000000000000000000000000000000000000000000
001111010110000000000000000000000000000000000000000000000000000000000000000000000000000000000000
00111101110100010010000010100000011100110000000000000000000000000000000000000001111100001111111000
001111100010000000000000000000000000000000000000000000000000000010011110001001111101001111110000
001111101110000000000000000000000000000000000000000000000000000000000000000000000000000000000001
001111110110000000000000000000000000000000000000000000000000000000000000000000000000000000000001
001111111110000000000000000000000000000000000000000000000000000000000000000000000000000000000000
01000000010100000100001100010001111101100100000000000000000000000000000000000010000001010011100000
010000001010000000000000000000000000000000000000000000000000000001111010001010000010010001111000
01000001010100000000001111110011101110101110111000000000000000000000000000000010000011010001010000
01000001110100000000000001001001000110001001100101000000000000000000000000000010000100010000111000
010000100010000000000000000000000000000000000000000000000000000000011110000010000101010000110000
010000101110000000000000000000000000000000000000000000000000000000000000000000000000000000000001
010000110110000000000000000000000000000000000000000000000000000000000000000000000000000000000000
01000011110100000000000001100111000111010011100000000000000000000000000000000010001000010001001000
010001000110000000000000000000000000000000000000000000000000000000000000000000000000000000000001
010001001110000000000000000000000000000000000000000000000000000000000000000000000000000000000000
010001010010000000000000000000000000000000000000000000000000000000011000000010001011010001100000
010001011110000000000000000000000000000000000000000000000000000000000000000000000000000000000001
01000110010100000000010110011011110000000110000000000000000000000000000000000010001101010001110000
010001101110000000000000000000000000000000000000000000000000000000000000000000000000000000000000
010001110110000000000000000000000000000000000000000000000000000000000000000000000000000000000000
01000111110100000000000000000000000001110000011101001110000111000000000000000010010000010010101000
010010000010000000000000000000000000000000000000000000000000000001111111001010010001010010010000
010010001110000000000000000000000000000000000000000000000000000000000000000000000000000000000001
01001001010100000000000000000000000000000000000000000000000000000001010000000010010011010010100000
010010011110000000000000000000000000000000000000000000000000000000000000000000000000000000000000
010010100110000000000000000000000000000000000000000000000000000000000000000000000000000000000001
010010101010000000000000000000000000000000000000000000000000000001111111011010010110010011001000
01001011010100000000000010111101011111011101001000000000000000000000000000000010010111010011000000
010010111110000000000000000000000000000000000000000000000000000000000000000000000000000000000000
010011000110000000000000000000000000000000000000000000000000000000000000000000000000000000000000
010011001010000000000000000000000000000000000000000000000000000010011110001010011010010011011000
010011010110000000000000000000000000000000000000000000000000000000000000000000000000000000000001
010011011110000000000000000000000000000000000000000000000000000000000000000000000000000000000001
01001110010100000111101001001100001010010100000000000000000000000000000000000010011101010100110000
010011101010000000000000000000000000000000000000000000000000000001111100110010011110010100011000
010011110010000000000000000000000000000000000000000000000000000000111101101010011111010100010000
010011111010000000000000000000000000000000000000000000000000000000111010111010100000010100001000
010100000110000000000000000000000000000000000000000000000000000000000000000000000000000000000001
010100001110000000000000000000000000000000000000000000000000000000000000000000000000000000000000
010100010110000000000000000000000000000000000000000000000000000000000000000000000000000000000001
010100011010000000000000000000000000000000000000000000000000000001111110100010100100010100101000
010100100110000000000000000000000000000000000000000000000000000000000000000000000000000000000000
010100101110000000000000000000000000000000000000000000000000000000000000000000000000000000000001
01010011010100001001100111100010100001110000000000000000000000000000000000000010100111010101110000
01010011110100000111110010111110001111100000000000000000000000000000000000000010101000010101011000
010101000010000000000000000000000000000000000000000000000000000001111101101010101001010101010000
010101001110000000000000000000000000000000000000000000000000000000000000000000000000000000000000
010101010110000000000000000000000000000000000000000000000000000000000000000000000000000000000001
010101011010000000000000000000000000000000000000000000000000000010011000011010101100010101101000
010101100110000000000000000000000000000000000000000000000000000000000000000000000000000000000000
010101101110000000000000000000000000000000000000000000000000000000000000000000000000000000000001
010101110010000000000000000000000000000000000000000000000000000000011000101010101111010110010000
01010111110100010010000001100101011001100000000000000000000000000000000000000010110000010110001000
010110000110000000000000000000000000000000000000000000000000000000000000000000000000000000000000
010110001110000000000000000000000000000000000000000000000000000000000000000000000000000000000001
010110010010000000000000000000000000000000000000000000000000000010100101000010110011010110100000
010110011110000000000000000000000000000000000000000000000000000000000000000000000000000000000001
010110100110000000000000000000000000000000000000000000000000000000000000000000000000000000000001
010110101000000000000000000000000000000000001100011101100001100111011000000010110110011010111000
01011011010100000000000000000010000000000000000000000100000000000000000000000010110111011001110000
010110111010000000000000000000000000000000000000000000000000000000011011101010111000010111111000
01011100010100000000000000000000000000000000000000111000000000010000010000100010111001010111110000
01011100110100000000000000000000000000000000000000000000000000010000000010000010111010010111011000
010111010110000000000000000000000000000000000000000000000000000000000000000000000000000000000001
01011101110100000000000000000000000000000000000000011100000000010000010000100010111100010111101000
010111100110000000000000000000000000000000000000000000000000000000000000000000000000000000000000
010111101110000000000000000000000000000000000000000000000000000000000000000000000000000000000001
010111110110000000000000000000000000000000000000000000000000000000000000000000000000000000000000
01011111110100000000000000000000000000000000011111111100010101000000000000000011000000011000101000
01100000010100000000000000000000000000000000000000000000100000000000100000100011000001011000010000
011000001110000000000000000000000000000000000000000000000000000000000000000000000000000000000000
01100001010100000000000000000000000000000000000000000000100000000101000001111011000011011000100000
011000011110000000000000000000000000000000000000000000000000000000000000000000000000000000000001
011000100110000000000000000000000000000000000000000000000000000000000000000000000000000000000000
011000101010000000000000000000000000000000000000000000000000000001100100001011000110011001001000
011000110010000000000000000000000000000000000000000000000000000000100111110011000111011001000000
011000111110000000000000000000000000000000000000000000000000000000000000000000000000000000000001
011001000110000000000000000000000000000000000000000000000000000000000000000000000000000000000000
011001001010000000000000000000000000000000000000000000000000000010001011101011001010011001101000
01100101010100000000000000000000000001010101000110001100001000001110000000000011001011011001100000
011001011110000000000000000000000000000000000000000000000000000000000000000000000000000000000001
011001100110000000000000000000000000000000000000000000000000000000000000000000000000000000000000
011001101110000000000000000000000000000000000000000000000000000000000000000000000000000000000000
01100111010100000110100000100100011001010100000000000000000000000000000000000011001111011010000000
011001111110000000000000000000000000000000000000000000000000000000000000000000000000000000000000
011010000010000000000000000000000000000000000000000000000000000000111101111011010001011010010000
011010001110000000000000000000000000000000000000000000000000000000000000000000000000000000000000
011010010010000000000000000000000000000000000000000000000000000001011101111011010011011010110000
01101001110100000110110001101100000000000000000000000000000000000000000000000011010100011010101000
011010100110000000000000000000000000000000000000000000000000000000000000000000000000000000000001
011010101110000000000000000000000000000000000000000000000000000000000000000000000000000000000000
011010110110000000000000000000000000000000000000000000000000000000000000000000000000000000000000
011010111000000000000000000000000000000000001100011101100001100111101000000011011000011011111000
011011000010000000000000000000000000000000000000000000000000000001111011101011011001011011010000
011011001110000000000000000000000000000000000000000000000000000000000000000000000000000000000000
011011010010000000000000000000000000000000000000000000000000000001111101101011011011011011110000
01101101110100001101111110001100001001100000000000000000000000000000000000000011011100011011101000
011011100110000000000000000000000000000000000000000000000000000000000000000000000000000000000000
011011101110000000000000000000000000000000000000000000000000000000000000000000000000000000000001
011011110110000000000000000000000000000000000000000000000000000000000000000000000000000000000000
011011111000000000000000000000000000000000001100011101100001100111111000000011100000011100111000
011100000010000000000000000000000000000000000000000000000000000001111011101011100001011100010000
011100001110000000000000000000000000000000000000000000000000000000000000000000000000000000000000
01110001010100000000000000000000000000111010110100000001011100000000000000000011100011011100110000
01110001110100000000000000000000000000000010100000000000000000000000100000000011100100011100101000
011100100110000000000000000000000000000000000000000000000000000000000000000000000000000000000000
011100101110000000000000000000000000000000000000000000000000000000000000000000000000000000000001
011100110110000000000000000000000000000000000000000000000000000000000000000000000000000000000000
011100111110000000000000000000000000000000000000000000000000000000000000000000000000000000000000
011101000010000000000000000000000000000000000000000000000000000000011000000011101001011101010000
011101001110000000000000000000000000000000000000000000000000000000000000000000000000000000000001
011101010010000000000000000000000000000000000000000000000000000000111110101011101011100101000000
01110101110100100111111111111110110000000000000000000000000000000000000000000011101100100000011000
011101100010000000000000000000000000000000000000000000000000000000111101001011101101011111010000
01110110110100010111111111111011010010000000000000000000000000000000000000000011101110011101111000
011101110110000000000000000000000000000000000000000000000000000000000000000000000000000000000001
011101111010000000000000000000000000000000000000000000000000000000110011000011110000011110101000
011110000000000000000000000000000000000000001100011101100001100111001000000011110001011110100000
011110001010000000000000000000000000000000000000000000000000000000011000101011110010011110011000
011110010110000000000000000000000000000000000000000000000000000000000000000000000000000000000000
011110011110000000000000000000000000000000000000000000000000000000000000000000000000000000000001
011110100110000000000000000000000000000000000000000000000000000000000000000000000000000000000000
01111010110100011111111110011001011111010000000000000000000000000000000000000011110110011110111000
011110110110000000000000000000000000000000000000000000000000000000000000000000000000000000000001
011110111010000000000000000000000000000000000000000000000000000000111100100011111000011111001000
011111000110000000000000000000000000000000000000000000000000000000000000000000000000000000000000
011111001110000000000000000000000000000000000000000000000000000000000000000000000000000000000000
01111101010100100010001101111100110101100000000000000000000000000000000000000011111011100000010000
011111011000000000000000000000000000000000001100011101100001100110111000000011111100100000001000
01111110010100100001010110010001000011100000000000000000000000000000000000000011111101011111110000
011111101110000000000000000000000000000000000000000000000000000000000000000000000000000000000001
011111110010000000000000000000000000000000000000000000000000000000111110011011111111100000000000
011111111110000000000000000000000000000000000000000000000000000000000000000000000000000000000001
100000000110000000000000000000000000000000000000000000000000000000000000000000000000000000000000
100000001110000000000000000000000000000000000000000000000000000000000000000000000000000000000000
100000010110000000000000000000000000000000000000000000000000000000000000000000000000000000000001
10000001110100111101101101101001000001000000000000000000000000000000000000000100000100100010011000
10000010010100101000110110110000101110100000000000000000000000000000000000000100000101100001000000
10000010110100101000110110000111100010100000000000000000000000000000000000000100000110100000111000
100000110110000000000000000000000000000000000000000000000000000000000000000000000000000000000001
100000111110000000000000000000000000000000000000000000000000000000000000000000000000000000000000
100001000010000000000000000000000000000000000000000000000000000000110011000100001001100001110000
10000100110100101011011110000010110010000000000000000000000000000000000000000100001010100001011000
100001010110000000000000000000000000000000000000000000000000000000000000000000000000000000000001
100001011010000000000000000000000000000000000000000000000000000000100101010100001100100001101000
100001100110000000000000000000000000000000000000000000000000000000000000000000000000000000000001
100001101110000000000000000000000000000000000000000000000000000000000000000000000000000000000001
10000111010100101011111111100100100010000000000000000000000000000000000000000100001111100010010000
100001111000000000000000000000000000000000001100011101100001100111010000000100010000100010001000
100010000110000000000000000000000000000000000000000000000000000000000000000000000000000000000001
100010001110000000000000000000000000000000000000000000000000000000000000000000000000000000000000
100010010110000000000000000000000000000000000000000000000000000000000000000000000000000000000001
10001001110101101000110111100100001010000000000000000000000000000000000000000100010100100100001000
10001010010101100111111111010101000110000000000000000000000000000000000000000100010101100011100000
100010101010000000000000000000000000000000000000000000000000000000110011000100010110100011001000
100010110010000000000000000000000000000000000000000000000000000000011111001100010111100011000000
100010111110000000000000000000000000000000000000000000000000000000000000000000000000000000000001
100011000110000000000000000000000000000000000000000000000000000000000000000000000000000000000001
10001100110101100000000000001000010001000000000000000000000000000000000000000100011010100011011000
100011010110000000000000000000000000000000000000000000000000000000000000000000000000000000000000
100011011110000000000000000000000000000000000000000000000000000000000000000000000000000000000001
100011100010000000000000000000000000000000000000000000000000000000110010111100011101100011110000
100011101110000000000000000000000000000000000000000000000000000000000000000000000000000000000001
100011110010000000000000000000000000000000000000000000000000000000110100100100011111100100000000
100011111110000000000000000000000000000000000000000000000000000000000000000000000000000000000000
100100000110000000000000000000000000000000000000000000000000000000000000000000000000000000000001
100100001000000000000000000000000000000000001100011101100001100111011000000100100010100100111000
100100010000000000000000000000000000000000001100011101100001100110111000000100100011100100110000
100100011000000000000000000000000000000000001100011101100001100110101000000100100100100100101000
100100100110000000000000000000000000000000000000000000000000000000000000000000000000000000000001
100100101110000000000000000000000000000000000000000000000000000000000000000000000000000000000001
100100110110000000000000000000000000000000000000000000000000000000000000000000000000000000000001
100100111110000000000000000000000000000000000000000000000000000000000000000000000000000000000000
100101000000000000000000000000000000000000001100011101100001100111001000000100101001100111110000
100101001000000000000000000000000000000000001100011101100001100110111000000100101010100110101000
100101010010000000000000000000000000000000000000000000000000000010100010100100101011100110100000
100101011010000000000000000000000000000000000000000000000000000001111101100100101100100101101000
100101100110000000000000000000000000000000000000000000000000000000000000000000000000000000000001
100101101010000000000000000000000000000000000000000000000000000001111101101100101110100110001000
100101110000000000000000000000000000000000001100011101100001100110101000000100101111100110000000
100101111110000000000000000000000000000000000000000000000000000000000000000000000000000000000000
100110000110000000000000000000000000000000000000000000000000000000000000000000000000000000000000
10011000110100100011100110010101101000000000000000000000000000000000000000000100110010100110011000
100110010110000000000000000000000000000000000000000000000000000000000000000000000000000000000001
100110011110000000000000000000000000000000000000000000000000000000000000000000000000000000000001
100110100110000000000000000000000000000000000000000000000000000000000000000000000000000000000001
10011010110101000000000001101100110001000000000000000000000000000000000000000100110110100111101000
100110110010000000000000000000000000000000000000000000000000000010100010110100110111100111100000
100110111010000000000000000000000000000000000000000000000000000001111101100100111000100111001000
100111000110000000000000000000000000000000000000000000000000000000000000000000000000000000000001
100111001010000000000000000000000000000000000000000000000000000001111101110100111010100111011000
100111010110000000000000000000000000000000000000000000000000000000000000000000000000000000000000
100111011110000000000000000000000000000000000000000000000000000000000000000000000000000000000001
100111100110000000000000000000000000000000000000000000000000000000000000000000000000000000000001
100111101110000000000000000000000000000000000000000000000000000000000000000000000000000000000001
100111110110000000000000000000000000000000000000000000000000000000000000000000000000000000000000
