000000000010000000000000000000000000000000000000000000000000000000011000000000000001000000010000
000000001110000000000000000000000000000000000000000000000000000000000000000000000000000000000001
00000001010100100111111111111100100110100000000000000000000000000000000000000000000011011000010000
00000001110100000000010000000000000000000011000000000000000000000000000000000000000100001011111000
000000100000000000000000000000000000000000001100011101100001100111001000000000000101001000000000
000000101000000000000000000000000000000000001100011101100001100110101000000000000110000100011000
00000011010100000000000000000000000000000000000000001000000000111101101001110000000111000010100000
00000011110100000000000000000000000000000000000000000000110010001111011111010000001000000001111000
000001000010000000000000000000000000000000000000000000000000000000011000100000001001000001100000
000001001010000000000000000000000000000000000000000000000000000000011000001000001010000001011000
000001010110000000000000000000000000000000000000000000000000000000000000000000000000000000000001
000001011110000000000000000000000000000000000000000000000000000000000000000000000000000000000001
000001100010000000000000000000000000000000000000000000000000000001101001010000001101000001110000
000001101110000000000000000000000000000000000000000000000000000000000000000000000000000000000000
000001110110000000000000000000000000000000000000000000000000000000000000000000000000000000000001
000001111010000000000000000000000000000000000000000000000000000001101001011000010000000010011000
000010000010000000000000000000000000000000000000000000000000000001101000111000010001000010010000
000010001110000000000000000000000000000000000000000000000000000000000000000000000000000000000001
000010010110000000000000000000000000000000000000000000000000000000000000000000000000000000000000
000010011110000000000000000000000000000000000000000000000000000000000000000000000000000000000001
000010100010000000000000000000000000000000000000000000000000000000111100001000010101000011100000
00001010110100000000000000000000000000000000011111100010000101111011100000000000010110000011001000
000010110010000000000000000000000000000000000000000000000000000000011110000000010111000011000000
000010111110000000000000000000000000000000000000000000000000000000000000000000000000000000000001
000011000110000000000000000000000000000000000000000000000000000000000000000000000000000000000000
000011001010000000000000000000000000000000000000000000000000000000110000011000011010000011011000
000011010110000000000000000000000000000000000000000000000000000000000000000000000000000000000000
000011011110000000000000000000000000000000000000000000000000000000000000000000000000000000000000
00001110010100000000000000000000000000000000000000110010100100010000000101000000011101000100000000
000011101010000000000000000000000000000000000000000000000000000001101100011000011110000011111000
000011110110000000000000000000000000000000000000000000000000000000000000000000000000000000000000
000011111110000000000000000000000000000000000000000000000000000000000000000000000000000000000001
000100000010000000000000000000000000000000000000000000000000000001011111010000100001000100010000
000100001110000000000000000000000000000000000000000000000000000000000000000000000000000000000001
000100010110000000000000000000000000000000000000000000000000000000000000000000000000000000000001
000100011010000000000000000000000000000000000000000000000000000001101001010000100100000110011000
00010010010100000000000001001001010111111010100010000000000000000000000000000000100101000101100000
000100101010000000000000000000000000000000000000000000000000000000011110000000100110000101001000
000100110000000000000000000000000000000000001100011101100001100110111000000000100111000101000000
000100111110000000000000000000000000000000000000000000000000000000000000000000000000000000000001
000101000110000000000000000000000000000000000000000000000000000000000000000000000000000000000001
000101001010000000000000000000000000000000000000000000000000000000111110011000101010000101011000
000101010110000000000000000000000000000000000000000000000000000000000000000000000000000000000000
000101011110000000000000000000000000000000000000000000000000000000000000000000000000000000000000
000101100000000000000000000000000000000000001100011101100001100110111000000000101101000110000000
00010110110100000000000001010000000000000110000001000000000000000000000000000000101110000101111000
000101110110000000000000000000000000000000000000000000000000000000000000000000000000000000000001
000101111110000000000000000000000000000000000000000000000000000000000000000000000000000000000001
000110000010000000000000000000000000000000000000000000000000000000011001000000110001000110010000
000110001110000000000000000000000000000000000000000000000000000000000000000000000000000000000000
000110010110000000000000000000000000000000000000000000000000000000000000000000000000000000000001
00011001110100000000000000000000000000000000000000000000000000000000000000000000110100000111001000
000110100010000000000000000000000000000000000000000000000000000011001101001000110101000111000000
000110101000000000000000000000000000000000001100011101100001100110111000000000110110000110111000
000110110110000000000000000000000000000000000000000000000000000000000000000000000000000000000000
000110111110000000000000000000000000000000000000000000000000000000000000000000000000000000000000
000111000110000000000000000000000000000000000000000000000000000000000000000000000000000000000000
000111001000000000000000000000000000000000001100011101100001100110111000000000111010000111101000
00011101010100000000000000000000000001110000100100010100001111000000000000000000111011000111100000
000111011110000000000000000000000000000000000000000000000000000000000000000000000000000000000001
000111100110000000000000000000000000000000000000000000000000000000000000000000000000000000000001
000111101010000000000000000000000000000000000000000000000000000001111111000000111110000111111000
000111110110000000000000000000000000000000000000000000000000000000000000000000000000000000000001
000111111110000000000000000000000000000000000000000000000000000000000000000000000000000000000001
001000000000000000000000000000000000000000001100011101100001100111011000000001000001001010110000
001000001010000000000000000000000000000000000000000000000000000000011011101001000010001001001000
00100001010100000000000000000000000000000000000000111000000000010000010000100001000011001001000000
00100001110100000000000000000000000000000000000000000000000000010000000010000001000100001000101000
001000100110000000000000000000000000000000000000000000000000000000000000000000000000000000000001
00100010110100000000000000000000000000000000000000011100000000010000010000100001000110001000111000
001000110110000000000000000000000000000000000000000000000000000000000000000000000000000000000000
001000111110000000000000000000000000000000000000000000000000000000000000000000000000000000000001
001001000110000000000000000000000000000000000000000000000000000000000000000000000000000000000000
00100100110100000000000000000000000000000000011111111100010101000000000000000001001010001001111000
001001010010000000000000000000000000000000000000000000000000000000101011111001001011001001110000
00100101110100000000000000000000000000000000000000101000011111000000101100100001001100001001101000
001001100110000000000000000000000000000000000000000000000000000000000000000000000000000000000000
001001101110000000000000000000000000000000000000000000000000000000000000000000000000000000000000
001001110110000000000000000000000000000000000000000000000000000000000000000000000000000000000000
00100111110100000000000000000000000000000000110000000000000000000000000000000001010000001010011000
001010000010000000000000000000000000000000000000000000000000000001010110110001010001001010010000
001010001110000000000000000000000000000000000000000000000000000000000000000000000000000000000000
001010010110000000000000000000000000000000000000000000000000000000000000000000000000000000000001
00101001110100000000000000000001111111000000100001001010000000000000000000000001010100001010101000
001010100110000000000000000000000000000000000000000000000000000000000000000000000000000000000000
001010101110000000000000000000000000000000000000000000000000000000000000000000000000000000000000
00101011010100000000000000000000000000000011100000000000000000000000000000000001010111001011000000
001010111110000000000000000000000000000000000000000000000000000000000000000000000000000000000000
001011000000000000000000000000000000000000001100011101100001100111111000000001011001001011110000
001011001000000000000000000000000000000000001100011101100001100111101000000001011010001011011000
001011010110000000000000000000000000000000000000000000000000000000000000000000000000000000000000
00101101110100000000000000000000000000000101010000000000000000000000000000000001011100001011101000
001011100110000000000000000000000000000000000000000000000000000000000000000000000000000000000001
001011101110000000000000000000000000000000000000000000000000000000000000000000000000000000000000
001011110110000000000000000000000000000000000000000000000000000000000000000000000000000000000000
00101111110100000100001011010001001111101100000000000000000000000000000000000001100000010001101000
001100000010000000000000000000000000000000000000000000000000000001111111001001100001001111100000
001100001000000000000000000000000000000000001100011101100001100110111000000001100010001101111000
001100010010000000000000000000000000000000000000000000000000000000111110110001100011001101010000
001100011010000000000000000000000000000000000000000000000000000000101111100001100100001100111000
00110010010100000000010000100000010101111110100000000000000000000000000000000001100101001100110000
001100101110000000000000000000000000000000000000000000000000000000000000000000000000000000000000
001100110110000000000000000000000000000000000000000000000000000000000000000000000000000000000000
00110011110100000000011111000011111011010010110000000000000000000000000000000001101000001101001000
001101000110000000000000000000000000000000000000000000000000000000000000000000000000000000000001
001101001110000000000000000000000000000000000000000000000000000000000000000000000000000000000000
001101010010000000000000000000000000000000000000000000000000000001111000000001101011001101100000
001101011110000000000000000000000000000000000000000000000000000000000000000000000000000000000001
00110110010100000000101001011000000000000000000000000000000000000000000000000001101101001101110000
001101101110000000000000000000000000000000000000000000000000000000000000000000000000000000000001
001101110110000000000000000000000000000000000000000000000000000000000000000000000000000000000000
001101111010000000000000000000000000000000000000000000000000000000011110100001110000001110101000
00111000010100000000010000000001100000000000100000000000000000000000000000000001110001001110010000
001110001110000000000000000000000000000000000000000000000000000000000000000000000000000000000000
001110010010000000000000000000000000000000000000000000000000000000011000110001110011001110100000
001110011110000000000000000000000000000000000000000000000000000000000000000000000000000000000000
001110100110000000000000000000000000000000000000000000000000000000000000000000000000000000000000
001110101010000000000000000000000000000000000000000000000000000000111110110001110110001111001000
001110110000000000000000000000000000000000001100011101100001100111001000000001110111001111000000
001110111110000000000000000000000000000000000000000000000000000000000000000000000000000000000000
001111000110000000000000000000000000000000000000000000000000000000000000000000000000000000000000
00111100110100000000010111011000001011110101000000000000000000000000000000000001111010001111011000
001111010110000000000000000000000000000000000000000000000000000000000000000000000000000000000000
001111011110000000000000000000000000000000000000000000000000000000000000000000000000000000000000
001111100000000000000000000000000000000000001100011101100001100111001000000001111101010001100000
001111101000000000000000000000000000000000001100011101100001100110111000000001111110010000101000
001111110000000000000000000000000000000000001100011101100001100110101000000001111111010000010000
001111111010000000000000000000000000000000000000000000000000000010011110010010000000010000001000
010000000110000000000000000000000000000000000000000000000000000000000000000000000000000000000001
010000001110000000000000000000000000000000000000000000000000000000000000000000000000000000000001
010000010010000000000000000000000000000000000000000000000000000010011110001010000011010000100000
010000011110000000000000000000000000000000000000000000000000000000000000000000000000000000000001
010000100110000000000000000000000000000000000000000000000000000000000000000000000000000000000001
01000010110100000000110110000100011011110011100000000000000000000000000000000010000110010001001000
01000011010100000000011000000101110011110011010000000000000000000000000000000010000111010001000000
010000111110000000000000000000000000000000000000000000000000000000000000000000000000000000000001
010001000110000000000000000000000000000000000000000000000000000000000000000000000000000000000001
01000100110100000000111010001100011110011101100000000000000000000000000000000010001010010001011000
010001010110000000000000000000000000000000000000000000000000000000000000000000000000000000000000
010001011110000000000000000000000000000000000000000000000000000000000000000000000000000000000001
010001100110000000000000000000000000000000000000000000000000000000000000000000000000000000000000
010001101010000000000000000000000000000000000000000000000000000000111101001010001110010101011000
010001110010000000000000000000000000000000000000000000000000000000011000101010001111010011100000
010001111000000000000000000000000000000000001100011101100001100110101000000010010000010010111000
01001000010100011010011111010100010110110000000000000000000000000000000000000010010001010010100000
010010001010000000000000000000000000000000000000000000000000000000011000001010010010010010011000
010010010110000000000000000000000000000000000000000000000000000000000000000000000000000000000000
010010011110000000000000000000000000000000000000000000000000000000000000000000000000000000000000
01001010010100011100011101110000110101010000000000000000000000000000000000000010010101010010110000
010010101110000000000000000000000000000000000000000000000000000000000000000000000000000000000001
010010110110000000000000000000000000000000000000000000000000000000000000000000000000000000000001
010010111000000000000000000000000000000000001100011101100001100111001000000010011000010011011000
01001100010100100000001011000101011010000000000000000000000000000000000000000010011001010011010000
010011001110000000000000000000000000000000000000000000000000000000000000000000000000000000000000
010011010110000000000000000000000000000000000000000000000000000000000000000000000000000000000001
010011011110000000000000000000000000000000000000000000000000000000000000000000000000000000000000
01001110010100011111111110011001011111010000000000000000000000000000000000000010011101010100100000
010011101010000000000000000000000000000000000000000000000000000000110011000010011110010100001000
010011110010000000000000000000000000000000000000000000000000000000110010000010011111010100000000
010011111110000000000000000000000000000000000000000000000000000000000000000000000000000000000001
010100000110000000000000000000000000000000000000000000000000000000000000000000000000000000000001
01010000110100001000111010010101000100011000000000000000000000000000000000000010100010010100011000
010100010110000000000000000000000000000000000000000000000000000000000000000000000000000000000000
010100011110000000000000000000000000000000000000000000000000000000000000000000000000000000000001
01010010010100100010111111001111001111000000000000000000000000000000000000000010100101010101000000
01010010110100100000001100000011000100100000000000000000000000000000000000000010100110010100111000
010100110110000000000000000000000000000000000000000000000000000000000000000000000000000000000000
010100111110000000000000000000000000000000000000000000000000000000000000000000000000000000000001
010101000000000000000000000000000000000000001100011101100001100110111000000010101001010101010000
010101001110000000000000000000000000000000000000000000000000000000000000000000000000000000000000
010101010110000000000000000000000000000000000000000000000000000000000000000000000000000000000000
01010101110100100000000011111111110011100000000000000000000000000000000000000010101100010111001000
010101100000000000000000000000000000000000001100011101100001100111001000000010101101010110100000
01010110110100000110101001010010110001001000000000000000000000000000000000000010101110010110001000
01010111010100000110100000010100010111111000000000000000000000000000000000000010101111010110000000
010101111110000000000000000000000000000000000000000000000000000000000000000000000000000000000001
010110000110000000000000000000000000000000000000000000000000000000000000000000000000000000000001
010110001010000000000000000000000000000000000000000000000000000000111110101010110010010110011000
010110010110000000000000000000000000000000000000000000000000000000000000000000000000000000000001
010110011110000000000000000000000000000000000000000000000000000000000000000000000000000000000001
010110100010000000000000000000000000000000000000000000000000000010001010101010110101010111000000
010110101010000000000000000000000000000000000000000000000000000001011101111010110110010110111000
010110110110000000000000000000000000000000000000000000000000000000000000000000000000000000000000
010110111110000000000000000000000000000000000000000000000000000000000000000000000000000000000000
010111000110000000000000000000000000000000000000000000000000000000000000000000000000000000000000
010111001010000000000000000000000000000000000000000000000000000010100010100010111010011000001000
01011101010100100010000010100110001101000000000000000000000000000000000000000010111011010111110000
01011101110100100001111111101111000110000000000000000000000000000000000000000010111100010111101000
010111100110000000000000000000000000000000000000000000000000000000000000000000000000000000000000
010111101110000000000000000000000000000000000000000000000000000000000000000000000000000000000000
01011111010100100011100110000111100110000000000000000000000000000000000000000010111111011000000000
010111111110000000000000000000000000000000000000000000000000000000000000000000000000000000000001
011000000110000000000000000000000000000000000000000000000000000000000000000000000000000000000001
011000001110000000000000000000000000000000000000000000000000000000000000000000000000000000000001
011000010000000000000000000000000000000000001100011101100001100111001000000011000011100000010000
011000011000000000000000000000000000000000001100011101100001100110111000000011000100011100111000
01100010010100111101101101110110100011100000000000000000000000000000000000000011000101011010100000
01100010110100101000110110110000101110100000000000000000000000000000000000000011000110011001101000
011000110000000000000000000000000000000000001100011101100001100110101000000011000111011001100000
011000111010000000000000000000000000000000000000000000000000000000110100011011001000011001011000
011001000010000000000000000000000000000000000000000000000000000000110011000011001001011001010000
011001001110000000000000000000000000000000000000000000000000000000000000000000000000000000000001
011001010110000000000000000000000000000000000000000000000000000000000000000000000000000000000000
011001011110000000000000000000000000000000000000000000000000000000000000000000000000000000000001
011001100110000000000000000000000000000000000000000000000000000000000000000000000000000000000001
011001101010000000000000000000000000000000000000000000000000000000110011001011001110011010011000
01100111010100101011011101001011111011100000000000000000000000000000000000000011001111011010000000
011001111110000000000000000000000000000000000000000000000000000000000000000000000000000000000001
011010000000000000000000000000000000000000001100011101100001100110101000000011010001011010010000
011010001110000000000000000000000000000000000000000000000000000000000000000000000000000000000001
011010010110000000000000000000000000000000000000000000000000000000000000000000000000000000000001
011010011110000000000000000000000000000000000000000000000000000000000000000000000000000000000001
011010100010000000000000000000000000000000000000000000000000000000111110001011010101011100010000
011010101010000000000000000000000000000000000000000000000000000000110011000011010110011011011000
01101011010100111110110011110000100010100000000000000000000000000000000000000011010111011011010000
01101011110100111110001110000101001101100000000000000000000000000000000000000011011000011011001000
011011000110000000000000000000000000000000000000000000000000000000000000000000000000000000000000
011011001110000000000000000000000000000000000000000000000000000000000000000000000000000000000000
011011010110000000000000000000000000000000000000000000000000000000000000000000000000000000000001
011011011010000000000000000000000000000000000000000000000000000000110011101011011100011011111000
01101110010101101101001111100100110110000000000000000000000000000000000000000011011101011011110000
011011101110000000000000000000000000000000000000000000000000000000000000000000000000000000000000
011011110110000000000000000000000000000000000000000000000000000000000000000000000000000000000001
011011111000000000000000000000000000000000001100011101100001100110101000000011100000011100001000
011100000110000000000000000000000000000000000000000000000000000000000000000000000000000000000001
011100001110000000000000000000000000000000000000000000000000000000000000000000000000000000000001
01110001010101000000000000000100011001000000000000000000000000000000000000000011100011011100110000
01110001110100111111111111100111111101000000000000000000000000000000000000000011100100011100101000
011100100110000000000000000000000000000000000000000000000000000000000000000000000000000000000001
011100101110000000000000000000000000000000000000000000000000000000000000000000000000000000000000
011100110110000000000000000000000000000000000000000000000000000000000000000000000000000000000001
01110011110100111111111110100011010111100000000000000000000000000000000000000011101000011101111000
011101000010000000000000000000000000000000000000000000000000000000110011001011101001011101110000
011101001010000000000000000000000000000000000000000000000000000000110010111011101010011101011000
011101010110000000000000000000000000000000000000000000000000000000000000000000000000000000000001
01110101110101000000000000000000000000000000000000000000000000000000000000000011101100011101101000
011101100110000000000000000000000000000000000000000000000000000000000000000000000000000000000000
011101101110000000000000000000000000000000000000000000000000000000000000000000000000000000000001
011101110110000000000000000000000000000000000000000000000000000000000000000000000000000000000001
01110111110101001000000001011011111010000000000000000000000000000000000000000011110000011110111000
011110000010000000000000000000000000000000000000000000000000000010000001001011110001011110110000
011110001010000000000000000000000000000000000000000000000000000000110001011011110010011110011000
011110010110000000000000000000000000000000000000000000000000000000000000000000000000000000000001
01111001110101000000011100010111110001000000000000000000000000000000000000000011110100011110101000
011110100110000000000000000000000000000000000000000000000000000000000000000000000000000000000000
011110101110000000000000000000000000000000000000000000000000000000000000000000000000000000000000
011110110110000000000000000000000000000000000000000000000000000000000000000000000000000000000001
01111011110101010111000001100100101100000000000000000000000000000000000000000011111000011111101000
011111000010000000000000000000000000000000000000000000000000000000110011000011111001011111010000
011111001110000000000000000000000000000000000000000000000000000000000000000000000000000000000001
01111101010101001011111101010101000010000000000000000000000000000000000000000011111011011111100000
011111011110000000000000000000000000000000000000000000000000000000000000000000000000000000000001
011111100110000000000000000000000000000000000000000000000000000000000000000000000000000000000001
01111110110101101000000010010010101101000000000000000000000000000000000000000011111110100000001000
011111110010000000000000000000000000000000000000000000000000000000111110101011111111100000000000
011111111110000000000000000000000000000000000000000000000000000000000000000000000000000000000000
100000000110000000000000000000000000000000000000000000000000000000000000000000000000000000000001
100000001110000000000000000000000000000000000000000000000000000000000000000000000000000000000001
100000010110000000000000000000000000000000000000000000000000000000000000000000000000000000000000
