00000000010100010010000101010100110001010000000000000000000000000000000000000000000001100001010000
00000000110100000000010000000000000000000011000000000000000000000000000000000000000010001111001000
00000001010100000000000001001111101001110010000111000000000000000000000000000000000011001010100000
00000001110100000000000000000000000000000000000000000111111111111000101010100000000100000101011000
000000100010000000000000000000000000000000000000000000000000000000011110000000000101000010010000
000000101000000000000000000000000000000000001100011101100001100111011000000000000110000010001000
00000011010100000000000000000000000000000000000000000000000000011111111101111000000111000001100000
00000011110100000000000000000000000000000000000000000000000000000000000000000000001000000001011000
000001000000000000000000000000000000000000001100011101100001100110101000000000001001000001010000
000001001110000000000000000000000000000000000000000000000000000000000000000000000000000000000001
000001010110000000000000000000000000000000000000000000000000000000000000000000000000000000000001
000001011110000000000000000000000000000000000000000000000000000000000000000000000000000000000001
000001100010000000000000000000000000000000000000000000000000000000011001000000001101000001110000
000001101110000000000000000000000000000000000000000000000000000000000000000000000000000000000001
000001110010000000000000000000000000000000000000000000000000000000011001001000001111000010000000
000001111110000000000000000000000000000000000000000000000000000000000000000000000000000000000000
000010000110000000000000000000000000000000000000000000000000000000000000000000000000000000000001
000010001110000000000000000000000000000000000000000000000000000000000000000000000000000000000000
000010010010000000000000000000000000000000000000000000000000000001101001010000010011000100010000
000010011010000000000000000000000000000000000000000000000000000000111110011000010100000011011000
000010100000000000000000000000000000000000001100011101100001100110111000000000010101000011000000
000010101010000000000000000000000000000000000000000000000000000000111001100000010110000010111000
000010110110000000000000000000000000000000000000000000000000000000000000000000000000000000000000
000010111110000000000000000000000000000000000000000000000000000000000000000000000000000000000000
000011000010000000000000000000000000000000000000000000000000000000101111110000011001000011010000
000011001110000000000000000000000000000000000000000000000000000000000000000000000000000000000000
000011010110000000000000000000000000000000000000000000000000000000000000000000000000000000000000
00001101110100000000000000000000000000000000000000000000000000000000000000000000011100000011111000
000011100000000000000000000000000000000000001100011101100001100110111000000000011101000011110000
000011101110000000000000000000000000000000000000000000000000000000000000000000000000000000000000
000011110110000000000000000000000000000000000000000000000000000000000000000000000000000000000000
000011111000000000000000000000000000000000001100011101100001100111001000000000100000000100001000
000100000110000000000000000000000000000000000000000000000000000000000000000000000000000000000001
000100001110000000000000000000000000000000000000000000000000000000000000000000000000000000000000
000100010000000000000000000000000000000000001100011101100001100111001000000000100011000101010000
000100011010000000000000000000000000000000000000000000000000000001111111011000100100000100111000
00010010010100000000000000000000000000000000000000000000000000000000000000000000100101000100110000
000100101110000000000000000000000000000000000000000000000000000000000000000000000000000000000000
000100110110000000000000000000000000000000000000000000000000000000000000000000000000000000000001
000100111000000000000000000000000000000000001100011101100001100110111000000000101000000101001000
000101000110000000000000000000000000000000000000000000000000000000000000000000000000000000000001
000101001110000000000000000000000000000000000000000000000000000000000000000000000000000000000001
000101010110000000000000000000000000000000000000000000000000000000000000000000000000000000000000
000101011000000000000000000000000000000000001100011101100001100111011000000000101100001001011000
000101100000000000000000000000000000000000001100011101100001100110111000000000101101000111100000
000101101010000000000000000000000000000000000000000000000000000001101001010000101110000110101000
000101110000000000000000000000000000000000001100011101100001100110101000000000101111000110010000
00010111110100000000000000000000000000000000000110100000111101110010111000000000110000000110001000
000110000110000000000000000000000000000000000000000000000000000000000000000000000000000000000000
000110001110000000000000000000000000000000000000000000000000000000000000000000000000000000000000
000110010010000000000000000000000000000000000000000000000000000000011000000000110011000110100000
000110011110000000000000000000000000000000000000000000000000000000000000000000000000000000000001
000110100110000000000000000000000000000000000000000000000000000000000000000000000000000000000000
000110101010000000000000000000000000000000000000000000000000000011101110000000110110000111001000
000110110010000000000000000000000000000000000000000000000000000010011101001000110111000111000000
000110111110000000000000000000000000000000000000000000000000000000000000000000000000000000000001
000111000110000000000000000000000000000000000000000000000000000000000000000000000000000000000001
000111001010000000000000000000000000000000000000000000000000000011101110011000111010000111011000
000111010110000000000000000000000000000000000000000000000000000000000000000000000000000000000000
000111011110000000000000000000000000000000000000000000000000000000000000000000000000000000000001
00011110010100000000000000000000000000000000110000000000000000000000000000000000111101001000100000
000111101000000000000000000000000000000000001100011101100001100111001000000000111110001000001000
000111110010000000000000000000000000000000000000000000000000000001101001011000111111001000000000
000111111110000000000000000000000000000000000000000000000000000000000000000000000000000000000000
001000000110000000000000000000000000000000000000000000000000000000000000000000000000000000000001
00100000110100000000000000000000000000000000011111111100010101000000000000000001000010001000011000
001000010110000000000000000000000000000000000000000000000000000000000000000000000000000000000000
001000011110000000000000000000000000000000000000000000000000000000000000000000000000000000000001
001000100010000000000000000000000000000000000000000000000000000000110000011001000101001001000000
00100010110100000000000000000010000000000000000000000100000000000000000000000001000110001000111000
001000110110000000000000000000000000000000000000000000000000000000000000000000000000000000000001
001000111110000000000000000000000000000000000000000000000000000000000000000000000000000000000000
00100100010100000000000000100111110110001011000010000000000000000000000000000001001001001001010000
001001001110000000000000000000000000000000000000000000000000000000000000000000000000000000000000
001001010110000000000000000000000000000000000000000000000000000000000000000000000000000000000000
00100101110100000000000000000000000000000011100000000000000000000000000000000001001100001001101000
001001100110000000000000000000000000000000000000000000000000000000000000000000000000000000000000
001001101010000000000000000000000000000000000000000000000000000001101110001001001110001001111000
001001110110000000000000000000000000000000000000000000000000000000000000000000000000000000000000
001001111010000000000000000000000000000000000000000000000000000001111110001001010000001010011000
00101000010100000000000000000000000010101010100000000000000000000000000000000001010001001010010000
001010001110000000000000000000000000000000000000000000000000000000000000000000000000000000000001
001010010110000000000000000000000000000000000000000000000000000000000000000000000000000000000000
001010011110000000000000000000000000000000000000000000000000000000000000000000000000000000000000
00101010010100000000000001010000000000000110000001000000000000000000000000000001010101001011110000
001010101000000000000000000000000000000000001100011101100001100111001000000001010110001011101000
001010110000000000000000000000000000000000001100011101100001100110101000000001010111001011000000
001010111110000000000000000000000000000000000000000000000000000000000000000000000000000000000001
001011000000000000000000000000000000000000001100011101100001100110111000000001011001001011010000
001011001110000000000000000000000000000000000000000000000000000000000000000000000000000000000001
001011010010000000000000000000000000000000000000000000000000000001100110010001011011001011100000
001011011110000000000000000000000000000000000000000000000000000000000000000000000000000000000001
001011100110000000000000000000000000000000000000000000000000000000000000000000000000000000000001
001011101110000000000000000000000000000000000000000000000000000000000000000000000000000000000000
001011110000000000000000000000000000000000001100011101100001100111001000000001011111001111000000
001011111010000000000000000000000000000000000000000000000000000000011000110001100000001101011000
00110000010100000000000111011101010001000101101000000000000000000000000000000001100001001100110000
00110000110100000000000001011010000100101100110101000000000000000000000000000001100010001100011000
001100010110000000000000000000000000000000000000000000000000000000000000000000000000000000000000
001100011000000000000000000000000000000000001100011101100001100110111000000001100100001100101000
001100100110000000000000000000000000000000000000000000000000000000000000000000000000000000000001
001100101110000000000000000000000000000000000000000000000000000000000000000000000000000000000000
001100110010000000000000000000000000000000000000000000000000000000011000000001100111001101000000
001100111110000000000000000000000000000000000000000000000000000000000000000000000000000000000001
00110100010100000000000111110001110000100110110000000000000000000000000000000001101001001101010000
001101001110000000000000000000000000000000000000000000000000000000000000000000000000000000000000
001101010110000000000000000000000000000000000000000000000000000000000000000000000000000000000000
001101011010000000000000000000000000000000000000000000000000000000111101000001101100001110001000
001101100000000000000000000000000000000000001100011101100001100110101000000001101101001110000000
001101101010000000000000000000000000000000000000000000000000000000011001010001101110001101111000
001101110110000000000000000000000000000000000000000000000000000000000000000000000000000000000000
001101111110000000000000000000000000000000000000000000000000000000000000000000000000000000000001
001110000110000000000000000000000000000000000000000000000000000000000000000000000000000000000001
001110001000000000000000000000000000000000001100011101100001100110111000000001110010001110101000
001110010010000000000000000000000000000000000000000000000000000000111101001001110011001110100000
001110011110000000000000000000000000000000000000000000000000000000000000000000000000000000000000
001110100110000000000000000000000000000000000000000000000000000000000000000000000000000000000001
00111010110100000000001011001011000100101001001000000000000000000000000000000001110110001110111000
001110110110000000000000000000000000000000000000000000000000000000000000000000000000000000000000
001110111110000000000000000000000000000000000000000000000000000000000000000000000000000000000001
001111000110000000000000000000000000000000000000000000000000000000000000000000000000000000000000
001111001010000000000000000000000000000000000000000000000000000000111101001001111010011001011000
00111101010100000000100000000000110010010111100000000000000000000000000000000001111011010011100000
001111011000000000000000000000000000000000001100011101100001100110111000000001111100010010011000
00111110010100000000010000100000010101111111000000000000000000000000000000000001111101010001010000
001111101000000000000000000000000000000000001100011101100001100110101000000001111110010000101000
001111110010000000000000000000000000000000000000000000000000000000011011011001111111010000010000
001111111010000000000000000000000000000000000000000000000000000000010101101010000000010000001000
010000000110000000000000000000000000000000000000000000000000000000000000000000000000000000000001
010000001110000000000000000000000000000000000000000000000000000000000000000000000000000000000000
010000010010000000000000000000000000000000000000000000000000000000110111101010000011010000100000
010000011110000000000000000000000000000000000000000000000000000000000000000000000000000000000001
010000100110000000000000000000000000000000000000000000000000000000000000000000000000000000000000
01000010110100000000010000000101001100111111100000000000000000000000000000000010000110010000111000
010000110110000000000000000000000000000000000000000000000000000000000000000000000000000000000000
010000111010000000000000000000000000000000000000000000000000000000011111101010001000010001001000
010001000110000000000000000000000000000000000000000000000000000000000000000000000000000000000000
010001001110000000000000000000000000000000000000000000000000000000000000000000000000000000000001
01000101010100000000010000100000010110000000110000000000000000000000000000000010001011010001100000
010001011110000000000000000000000000000000000000000000000000000000000000000000000000000000000001
010001100000000000000000000000000000000000001100011101100001100110101000000010001101010010000000
01000110110100000000010000100010011001001000100000000000000000000000000000000010001110010001111000
010001110110000000000000000000000000000000000000000000000000000000000000000000000000000000000000
010001111110000000000000000000000000000000000000000000000000000000000000000000000000000000000001
01001000010100000000100000000000001010010100000000000000000000000000000000000010010001010010010000
010010001110000000000000000000000000000000000000000000000000000000000000000000000000000000000000
010010010110000000000000000000000000000000000000000000000000000000000000000000000000000000000001
01001001110100000000010000000001100000000000100000000000000000000000000000000010010100010010101000
010010100110000000000000000000000000000000000000000000000000000000000000000000000000000000000000
01001010110100000000010000000010100101001010000000000000000000000000000000000010010110010010111000
010010110110000000000000000000000000000000000000000000000000000000000000000000000000000000000001
010010111010000000000000000000000000000000000000000000000000000000011000000010011000010011001000
010011000110000000000000000000000000000000000000000000000000000000000000000000000000000000000001
01001100110100000000011111111010101010110010100000000000000000000000000000000010011010010011011000
010011010110000000000000000000000000000000000000000000000000000000000000000000000000000000000000
010011011110000000000000000000000000000000000000000000000000000000000000000000000000000000000000
01001110010100001010000000000110100001111000000000000000000000000000000000000010011101010110100000
010011101000000000000000000000000000000000001100011101100001100110111000000010011110010100111000
010011110010000000000000000000000000000000000000000000000000000000011000000010011111010100000000
010011111110000000000000000000000000000000000000000000000000000000000000000000000000000000000001
010100000000000000000000000000000000000000001100011101100001100110101000000010100001010100100000
010100001010000000000000000000000000000000000000000000000000000000011000111010100010010100011000
010100010110000000000000000000000000000000000000000000000000000000000000000000000000000000000000
010100011110000000000000000000000000000000000000000000000000000000000000000000000000000000000000
010100100010000000000000000000000000000000000000000000000000000000101111100010100101010100110000
010100101110000000000000000000000000000000000000000000000000000000000000000000000000000000000000
010100110110000000000000000000000000000000000000000000000000000000000000000000000000000000000000
01010011110100000100000100100010011001001100000000000000000000000000000000000010101000010101111000
01010100010100000011001110101100101100101000000000000000000000000000000000000010101001010101100000
010101001000000000000000000000000000000000001100011101100001100111001000000010101010010101011000
010101010110000000000000000000000000000000000000000000000000000000000000000000000000000000000000
010101011110000000000000000000000000000000000000000000000000000000000000000000000000000000000000
01010110010100000011010100001000011100111100000000000000000000000000000000000010101101010101110000
010101101110000000000000000000000000000000000000000000000000000000000000000000000000000000000000
010101110110000000000000000000000000000000000000000000000000000000000000000000000000000000000000
010101111000000000000000000000000000000000001100011101100001100111001000000010110000010110011000
010110000010000000000000000000000000000000000000000000000000000000010111001010110001010110010000
010110001110000000000000000000000000000000000000000000000000000000000000000000000000000000000001
010110010110000000000000000000000000000000000000000000000000000000000000000000000000000000000000
010110011110000000000000000000000000000000000000000000000000000000000000000000000000000000000000
010110100000000000000000000000000000000000001100011101100001100110111000000010110101011000100000
010110101000000000000000000000000000000000001100011101100001100110101000000010110110010111101000
01011011010100001111111111111010001010011000000000000000000000000000000000000010110111010111010000
010110111010000000000000000000000000000000000000000000000000000000110011000010111000010111001000
010111000110000000000000000000000000000000000000000000000000000000000000000000000000000000000001
010111001110000000000000000000000000000000000000000000000000000000000000000000000000000000000001
010111010010000000000000000000000000000000000000000000000000000000011000110010111011010111100000
010111011110000000000000000000000000000000000000000000000000000000000000000000000000000000000000
010111100110000000000000000000000000000000000000000000000000000000000000000000000000000000000001
010111101010000000000000000000000000000000000000000000000000000000011000101010111110011000001000
01011111010100001111111111000101111001011000000000000000000000000000000000000010111111011000000000
010111111110000000000000000000000000000000000000000000000000000000000000000000000000000000000001
011000000110000000000000000000000000000000000000000000000000000000000000000000000000000000000000
01100000110100001100001001011110101001000000000000000000000000000000000000000011000010011000011000
011000010110000000000000000000000000000000000000000000000000000000000000000000000000000000000001
011000011110000000000000000000000000000000000000000000000000000000000000000000000000000000000001
011000100000000000000000000000000000000000001100011101100001100111001000000011000101011001010000
011000101010000000000000000000000000000000000000000000000000000000010110111011000110011000111000
011000110110000000000000000000000000000000000000000000000000000000000000000000000000000000000001
011000111010000000000000000000000000000000000000000000000000000000011011001011001000011001001000
011001000110000000000000000000000000000000000000000000000000000000000000000000000000000000000000
011001001110000000000000000000000000000000000000000000000000000000000000000000000000000000000001
011001010110000000000000000000000000000000000000000000000000000000000000000000000000000000000000
01100101110100000100000000101111010011101000000000000000000000000000000000000011001100011100111000
011001100010000000000000000000000000000000000000000000000000000010011110010011001101011100110000
011001101010000000000000000000000000000000000000000000000000000000111110110011001110011011001000
011001110000000000000000000000000000000000001100011101100001100110101000000011001111011010100000
01100111110100000000011101100100101001010111100000000000000000000000000000000011010000011010001000
011010000110000000000000000000000000000000000000000000000000000000000000000000000000000000000001
01101000110100000010000001101101100010000111000000000000000000000000000000000011010010011010011000
011010010110000000000000000000000000000000000000000000000000000000000000000000000000000000000000
011010011110000000000000000000000000000000000000000000000000000000000000000000000000000000000001
011010100010000000000000000000000000000000000000000000000000000000111110100011010101011010110000
011010101110000000000000000000000000000000000000000000000000000000000000000000000000000000000001
01101011010100000000011100110111010000110011000000000000000000000000000000000011010111011011000000
011010111110000000000000000000000000000000000000000000000000000000000000000000000000000000000001
011011000110000000000000000000000000000000000000000000000000000000000000000000000000000000000000
011011001000000000000000000000000000000000001100011101100001100110111000000011011010011100001000
01101101010100000011101100100111011000010100000000000000000000000000000000000011011011011011110000
011011011000000000000000000000000000000000001100011101100001100110101000000011011100011011101000
011011100110000000000000000000000000000000000000000000000000000000000000000000000000000000000001
011011101110000000000000000000000000000000000000000000000000000000000000000000000000000000000001
011011110010000000000000000000000000000000000000000000000000000001110110011011011111011100000000
011011111110000000000000000000000000000000000000000000000000000000000000000000000000000000000001
011100000110000000000000000000000000000000000000000000000000000000000000000000000000000000000000
011100001000000000000000000000000000000000001100011101100001100111001000000011100010011100101000
01110001010100000000011010000011010111101000100000000000000000000000000000000011100011011100100000
011100011110000000000000000000000000000000000000000000000000000000000000000000000000000000000001
011100100110000000000000000000000000000000000000000000000000000000000000000000000000000000000000
011100101110000000000000000000000000000000000000000000000000000000000000000000000000000000000000
011100110110000000000000000000000000000000000000000000000000000000000000000000000000000000000001
01110011110100010010000000011111101010100000000000000000000000000000000000000011101000100000011000
011101000010000000000000000000000000000000000000000000000000000001111101000011101001011110110000
011101001000000000000000000000000000000000001100011101100001100111001000000011101010011110001000
011101010000000000000000000000000000000000001100011101100001100110101000000011101011011101110000
01110101110100000111100111010101100100000100000000000000000000000000000000000011101100011101101000
011101100110000000000000000000000000000000000000000000000000000000000000000000000000000000000000
011101101110000000000000000000000000000000000000000000000000000000000000000000000000000000000001
011101110010000000000000000000000000000000000000000000000000000000111110110011101111011110000000
011101111110000000000000000000000000000000000000000000000000000000000000000000000000000000000001
011110000110000000000000000000000000000000000000000000000000000000000000000000000000000000000001
011110001000000000000000000000000000000000001100011101100001100111011000000011110010011110101000
01111001010100000110110001101100000000000000000000000000000000000000000000000011110011011110100000
011110011110000000000000000000000000000000000000000000000000000000000000000000000000000000000001
011110100110000000000000000000000000000000000000000000000000000000000000000000000000000000000000
011110101110000000000000000000000000000000000000000000000000000000000000000000000000000000000000
01111011010100001001100111010100111111101000000000000000000000000000000000000011110111011111110000
01111011110100000111101111011000001101100000000000000000000000000000000000000011111000011111011000
011111000010000000000000000000000000000000000000000000000000000001111101001011111001011111010000
011111001110000000000000000000000000000000000000000000000000000000000000000000000000000000000000
011111010110000000000000000000000000000000000000000000000000000000000000000000000000000000000001
011111011010000000000000000000000000000000000000000000000000000010011000010011111100011111101000
011111100110000000000000000000000000000000000000000000000000000000000000000000000000000000000000
011111101110000000000000000000000000000000000000000000000000000000000000000000000000000000000001
011111110010000000000000000000000000000000000000000000000000000010011000001011111111100000010000
011111111000000000000000000000000000000000001100011101100001100111001000000100000000100000001000
100000000110000000000000000000000000000000000000000000000000000000000000000000000000000000000001
100000001110000000000000000000000000000000000000000000000000000000000000000000000000000000000000
100000010110000000000000000000000000000000000000000000000000000000000000000000000000000000000001
100000011010000000000000000000000000000000000000000000000000000010101000110100000100100001001000
10000010010100010010000100011101010111010000000000000000000000000000000000000100000101100001000000
100000101010000000000000000000000000000000000000000000000000000001000111101100000110100000111000
100000110110000000000000000000000000000000000000000000000000000000000000000000000000000000000000
100000111110000000000000000000000000000000000000000000000000000000000000000000000000000000000001
100001000110000000000000000000000000000000000000000000000000000000000000000000000000000000000000
100001001110000000000000000000000000000000000000000000000000000000000000000000000000000000000001
100001010010000000000000000000000000000000000000000000000000000000011000000100001011100001100000
100001011110000000000000000000000000000000000000000000000000000000000000000000000000000000000001
10000110010100100111111111111100100110100000000000000000000000000000000000000100001101101000000000
100001101010000000000000000000000000000000000000000000000000000000111110101100001110100101101000
100001110000000000000000000000000000000000001100011101100001100110111000000100001111100100000000
10000111110100010111111111111011010010000000000000000000000000000000000000000100010000100010001000
100010000110000000000000000000000000000000000000000000000000000000000000000000000000000000000001
100010001000000000000000000000000000000000001100011101100001100110101000000100010010100011001000
10001001010100100010111111001111001111100000000000000000000000000000000000000100010011100010110000
10001001110100100000001001011010010111000000000000000000000000000000000000000100010100100010101000
100010100110000000000000000000000000000000000000000000000000000000000000000000000000000000000000
100010101110000000000000000000000000000000000000000000000000000000000000000000000000000000000001
10001011010100100011100011101101000010100000000000000000000000000000000000000100010111100011000000
100010111110000000000000000000000000000000000000000000000000000000000000000000000000000000000000
100011000110000000000000000000000000000000000000000000000000000000000000000000000000000000000000
100011001010000000000000000000000000000000000000000000000000000000111101010100011010100011101000
100011010010000000000000000000000000000000000000000000000000000000110011000100011011100011100000
100011011110000000000000000000000000000000000000000000000000000000000000000000000000000000000000
100011100110000000000000000000000000000000000000000000000000000000000000000000000000000000000000
100011101010000000000000000000000000000000000000000000000000000000111110100100011110100011111000
100011110110000000000000000000000000000000000000000000000000000000000000000000000000000000000001
100011111110000000000000000000000000000000000000000000000000000000000000000000000000000000000001
100100000000000000000000000000000000000000001100011101100001100111001000000100100001100101100000
100100001010000000000000000000000000000000000000000000000000000000110011000100100010100100111000
10010001010100010111101111101001111101010000000000000000000000000000000000000100100011100100100000
100100011110000000000000000000000000000000000000000000000000000000000000000000000000000000000001
100100100010000000000000000000000000000000000000000000000000000000011001011100100101100100110000
100100101110000000000000000000000000000000000000000000000000000000000000000000000000000000000000
100100110110000000000000000000000000000000000000000000000000000000000000000000000000000000000000
10010011110100011110111000001101111100010000000000000000000000000000000000000100101000100101001000
100101000110000000000000000000000000000000000000000000000000000000000000000000000000000000000001
100101001010000000000000000000000000000000000000000000000000000000111011101100101010100101011000
100101010110000000000000000000000000000000000000000000000000000000000000000000000000000000000000
100101011110000000000000000000000000000000000000000000000000000000000000000000000000000000000000
100101100110000000000000000000000000000000000000000000000000000000000000000000000000000000000000
100101101000000000000000000000000000000000001100011101100001100111001000000100101110100111111000
10010111010100100000000011110011100010100000000000000000000000000000000000000100101111100110000000
100101111110000000000000000000000000000000000000000000000000000000000000000000000000000000000001
10011000010100100000001010101110111100000000000000000000000000000000000000000100110001100111000000
10011000110100100000001001011000010101000000000000000000000000000000000000000100110010100110101000
100110010010000000000000000000000000000000000000000000000000000010001100110100110011100110100000
100110011110000000000000000000000000000000000000000000000000000000000000000000000000000000000001
100110100110000000000000000000000000000000000000000000000000000000000000000000000000000000000000
10011010110100100000001001111100101111100000000000000000000000000000000000000100110110100110111000
100110110110000000000000000000000000000000000000000000000000000000000000000000000000000000000001
100110111110000000000000000000000000000000000000000000000000000000000000000000000000000000000000
100111000010000000000000000000000000000000000000000000000000000010011100000100111001100111100000
10011100110100100000001101101010101001000000000000000000000000000000000000000100111010100111011000
100111010110000000000000000000000000000000000000000000000000000000000000000000000000000000000001
100111011110000000000000000000000000000000000000000000000000000000000000000000000000000000000001
100111100000000000000000000000000000000000001100011101100001100110111000000100111101100111110000
100111101110000000000000000000000000000000000000000000000000000000000000000000000000000000000001
100111110110000000000000000000000000000000000000000000000000000000000000000000000000000000000001
100111111110000000000000000000000000000000000000000000000000000000000000000000000000000000000000
10100000010100111101101101110110100011100000000000000000000000000000000000000101000001101010110000
101000001000000000000000000000000000000000001100011101100001100111001000000101000010101010101000
10100001010100101000110110101010000100100000000000000000000000000000000000000101000011101001000000
101000011000000000000000000000000000000000001100011101100001100110101000000101000100101000111000
10100010010100101000110110000111100010100000000000000000000000000000000000000101000101101000110000
101000101110000000000000000000000000000000000000000000000000000000000000000000000000000000000001
101000110110000000000000000000000000000000000000000000000000000000000000000000000000000000000000
101000111110000000000000000000000000000000000000000000000000000000000000000000000000000000000001
101001000000000000000000000000000000000000001100011101100001100110111000000101001001101010000000
101001001000000000000000000000000000000000001100011101100001100110101000000101001010101001101000
10100101010100101011011010010100111010000000000000000000000000000000000000000101001011101001100000
101001011110000000000000000000000000000000000000000000000000000000000000000000000000000000000001
101001100110000000000000000000000000000000000000000000000000000000000000000000000000000000000001
101001101010000000000000000000000000000000000000000000000000000000110011001101001110101001111000
101001110110000000000000000000000000000000000000000000000000000000000000000000000000000000000001
101001111110000000000000000000000000000000000000000000000000000000000000000000000000000000000001
10101000010100101011111001001101101111100000000000000000000000000000000000000101010001101010100000
10101000110100101011110110110101000111000000000000000000000000000000000000000101010010101010011000
101010010110000000000000000000000000000000000000000000000000000000000000000000000000000000000001
101010011110000000000000000000000000000000000000000000000000000000000000000000000000000000000000
101010100110000000000000000000000000000000000000000000000000000000000000000000000000000000000001
101010101110000000000000000000000000000000000000000000000000000000000000000000000000000000000000
101010110010000000000000000000000000000000000000000000000000000000111110001101010111101101110000
101010111010000000000000000000000000000000000000000000000000000000110011000101011000101100001000
101011000000000000000000000000000000000000001100011101100001100110101000000101011001101011110000
101011001010000000000000000000000000000000000000000000000000000000011111001101011010101011101000
101011010010000000000000000000000000000000000000000000000000000000011111000101011011101011100000
101011011110000000000000000000000000000000000000000000000000000000000000000000000000000000000001
101011100110000000000000000000000000000000000000000000000000000000000000000000000000000000000000
101011101110000000000000000000000000000000000000000000000000000000000000000000000000000000000001
101011110000000000000000000000000000000000001100011101100001100111001000000101011111101100000000
101011111110000000000000000000000000000000000000000000000000000000000000000000000000000000000001
101100000110000000000000000000000000000000000000000000000000000000000000000000000000000000000000
101100001010000000000000000000000000000000000000000000000000000000110011101101100010101101001000
101100010000000000000000000000000000000000001100011101100001100110111000000101100011101100110000
101100011010000000000000000000000000000000000000000000000000000000110011001101100100101100101000
101100100110000000000000000000000000000000000000000000000000000000000000000000000000000000000000
101100101110000000000000000000000000000000000000000000000000000000000000000000000000000000000000
101100110000000000000000000000000000000000001100011101100001100111001000000101100111101101000000
101100111110000000000000000000000000000000000000000000000000000000000000000000000000000000000000
101101000110000000000000000000000000000000000000000000000000000000000000000000000000000000000000
101101001010000000000000000000000000000000000000000000000000000000111110000101101010101101011000
101101010110000000000000000000000000000000000000000000000000000000000000000000000000000000000001
10110101110101010111001110100000100001000000000000000000000000000000000000000101101100101101101000
101101100110000000000000000000000000000000000000000000000000000000000000000000000000000000000000
101101101110000000000000000000000000000000000000000000000000000000000000000000000000000000000001
101101110010000000000000000000000000000000000000000000000000000001111101101101101111101110100000
10110111110101000000000001011100101000000000000000000000000000000000000000000101110000101110011000
10111000010100111111111111101100001101000000000000000000000000000000000000000101110001101110010000
101110001110000000000000000000000000000000000000000000000000000000000000000000000000000000000001
101110010110000000000000000000000000000000000000000000000000000000000000000000000000000000000000
101110011110000000000000000000000000000000000000000000000000000000000000000000000000000000000001
101110100110000000000000000000000000000000000000000000000000000000000000000000000000000000000001
