000000000000000000000000000000000000000000001100011101100001100111001000000000000001010111010000
000000001010000000000000000000000000000000000000000000000000000000011000000000000010000000011000
000000010110000000000000000000000000000000000000000000000000000000000000000000000000000000000001
000000011010000000000000000000000000000000000000000000000000000000111110011000000100001101001000
000000100000000000000000000000000000000000001100011101100001100110101000000000000101000101100000
00000010110100000000000000000000000000000000000000000000000000000000011111110000000110000010011000
00000011010100000000000000000000000000000000000000000000000000000000001000001000000111000010010000
000000111010000000000000000000000000000000000000000000000000000000011000011000001000000001011000
00000100010100000000000000000000000000000000000000000000000000000000000010111000001001000001010000
000001001110000000000000000000000000000000000000000000000000000000000000000000000000000000000001
000001010110000000000000000000000000000000000000000000000000000000000000000000000000000000000001
000001011010000000000000000000000000000000000000000000000000000000101111110000001100000001111000
00000110010100000000000000000000000000000000000000000000000000000000000000011000001101000001110000
000001101110000000000000000000000000000000000000000000000000000000000000000000000000000000000000
000001110110000000000000000000000000000000000000000000000000000000000000000000000000000000000001
00000111110100000000000000000000000000000000000000000000000000000000000000001000010000000010001000
000010000110000000000000000000000000000000000000000000000000000000000000000000000000000000000000
000010001110000000000000000000000000000000000000000000000000000000000000000000000000000000000001
000010010110000000000000000000000000000000000000000000000000000000000000000000000000000000000001
000010011010000000000000000000000000000000000000000000000000000000011001001000010100000011101000
00001010010100011100000010110011101001010000000000000000000000000000000000000000010101000011100000
000010101010000000000000000000000000000000000000000000000000000000011000001000010110000011001000
00001011010100000000000000000000000000000001000000000000000000101010000000101000010111000011000000
000010111110000000000000000000000000000000000000000000000000000000000000000000000000000000000001
000011000110000000000000000000000000000000000000000000000000000000000000000000000000000000000000
000011001010000000000000000000000000000000000000000000000000000000011000100000011010000011011000
000011010110000000000000000000000000000000000000000000000000000000000000000000000000000000000001
000011011110000000000000000000000000000000000000000000000000000000000000000000000000000000000000
000011100110000000000000000000000000000000000000000000000000000000000000000000000000000000000001
000011101010000000000000000000000000000000000000000000000000000000101111100000011110000100101000
000011110010000000000000000000000000000000000000000000000000000000011111001000011111000100010000
000011111010000000000000000000000000000000000000000000000000000000011110000000100000000100001000
000100000110000000000000000000000000000000000000000000000000000000000000000000000000000000000001
000100001110000000000000000000000000000000000000000000000000000000000000000000000000000000000000
00010001010100000000000000000000000000000000000000000000000000001001001111010000100011000100100000
000100011110000000000000000000000000000000000000000000000000000000000000000000000000000000000000
000100100110000000000000000000000000000000000000000000000000000000000000000000000000000000000001
00010010110100000010001010101100100010000001000000000000000000000000000000000000100110000101001000
00010011010100000000000001001100000000000110000000000000000000000000000000000000100111000101000000
000100111110000000000000000000000000000000000000000000000000000000000000000000000000000000000000
000101000110000000000000000000000000000000000000000000000000000000000000000000000000000000000001
00010100110101101000111111000010001010000000000000000000000000000000000000000000101010000101011000
000101010110000000000000000000000000000000000000000000000000000000000000000000000000000000000000
000101011110000000000000000000000000000000000000000000000000000000000000000000000000000000000001
000101100000000000000000000000000000000000001100011101100001100110111000000000101101001001100000
00010110110100000000010000000000001010000010100000000000000000000000000000000000101110000111101000
00010111010100000000000001001000101110010000000011000000000000000000000000000000101111000110110000
00010111110100000000000000000000000000000000000000110101111001101011110011000000110000000110011000
00011000010100000000000000000000000000000000000000000000000000000000000000010000110001000110010000
000110001110000000000000000000000000000000000000000000000000000000000000000000000000000000000000
000110010110000000000000000000000000000000000000000000000000000000000000000000000000000000000001
000110011010000000000000000000000000000000000000000000000000000000011110000000110100000110101000
000110100110000000000000000000000000000000000000000000000000000000000000000000000000000000000000
000110101110000000000000000000000000000000000000000000000000000000000000000000000000000000000000
000110110010000000000000000000000000000000000000000000000000000000011000101000110111000111010000
000110111010000000000000000000000000000000000000000000000000000000011000010000111000000111001000
000111000110000000000000000000000000000000000000000000000000000000000000000000000000000000000000
000111001110000000000000000000000000000000000000000000000000000000000000000000000000000000000000
000111010010000000000000000000000000000000000000000000000000000000111101000000111011000111100000
000111011110000000000000000000000000000000000000000000000000000000000000000000000000000000000001
000111100110000000000000000000000000000000000000000000000000000000000000000000000000000000000001
000111101010000000000000000000000000000000000000000000000000000000011000101000111110001000101000
000111110010000000000000000000000000000000000000000000000000000000011000001000111111001000010000
00011111110100101011111100000101101010100000000000000000000000000000000000000001000000001000001000
001000000110000000000000000000000000000000000000000000000000000000000000000000000000000000000000
001000001110000000000000000000000000000000000000000000000000000000000000000000000000000000000001
001000010010000000000000000000000000000000000000000000000000000000011000100001000011001000100000
001000011110000000000000000000000000000000000000000000000000000000000000000000000000000000000001
001000100110000000000000000000000000000000000000000000000000000000000000000000000000000000000000
001000101010000000000000000000000000000000000000000000000000000000110010000001000110001001001000
00100011010100000010110101010101101111011000000000000000000000000000000000000001000111001001000000
001000111110000000000000000000000000000000000000000000000000000000000000000000000000000000000000
001001000110000000000000000000000000000000000000000000000000000000000000000000000000000000000001
00100100110100101000000100101110100100100000000000000000000000000000000000000001001010001001011000
001001010110000000000000000000000000000000000000000000000000000000000000000000000000000000000000
001001011110000000000000000000000000000000000000000000000000000000000000000000000000000000000000
00100110010100000000000001100111000111010011100000000000000000000000000000000001001101001011010000
00100110110100000000000001001001101111110100000101000000000000000000000000000001001110001010101000
001001110010000000000000000000000000000000000000000000000000000000011110000001001111001010010000
00100111110100000000000000001001011101001110000101101000000000000000000000000001010000001010001000
001010000110000000000000000000000000000000000000000000000000000000000000000000000000000000000001
001010001110000000000000000000000000000000000000000000000000000000000000000000000000000000000000
001010010010000000000000000000000000000000000000000000000000000000110000011001010011001010100000
001010011110000000000000000000000000000000000000000000000000000000000000000000000000000000000000
001010100110000000000000000000000000000000000000000000000000000000000000000000000000000000000000
001010101010000000000000000000000000000000000000000000000000000000011000001001010110001010111000
001010110110000000000000000000000000000000000000000000000000000000000000000000000000000000000000
001010111010000000000000000000000000000000000000000000000000000000111100111001011000001011001000
001011000110000000000000000000000000000000000000000000000000000000000000000000000000000000000001
001011001110000000000000000000000000000000000000000000000000000000000000000000000000000000000001
00101101010101001000000010001110011100000000000000000000000000000000000000000001011011001100010000
00101101110100010001111001110011100001000000000000000000000000000000000000000001011100001011111000
00101110010100000000010000100000000000100001100000000000000000000000000000000001011101001011110000
001011101110000000000000000000000000000000000000000000000000000000000000000000000000000000000000
001011110110000000000000000000000000000000000000000000000000000000000000000000000000000000000000
00101111110100010111101111101001111101010000000000000000000000000000000000000001100000001100001000
001100000110000000000000000000000000000000000000000000000000000000000000000000000000000000000001
001100001110000000000000000000000000000000000000000000000000000000000000000000000000000000000000
00110001010101010111000001100100101100000000000000000000000000000000000000000001100011001100110000
001100011010000000000000000000000000000000000000000000000000000000110011000001100100001100101000
001100100110000000000000000000000000000000000000000000000000000000000000000000000000000000000001
001100101110000000000000000000000000000000000000000000000000000000000000000000000000000000000001
00110011010101101000001001111011010000000000000000000000000000000000000000000001100111001101000000
001100111110000000000000000000000000000000000000000000000000000000000000000000000000000000000000
001101000110000000000000000000000000000000000000000000000000000000000000000000000000000000000001
001101001000000000000000000000000000000000001100011101100001100110111000000001101010010010011000
00110101010100000000000000000000000000000000000000000000000000000000000000000001101011001111000000
001101011010000000000000000000000000000000000000000000000000000001100100110001101100001101101000
001101100110000000000000000000000000000000000000000000000000000000000000000000000000000000000001
001101101010000000000000000000000000000000000000000000000000000010000101101001101110001110011000
001101110000000000000000000000000000000000001100011101100001100110101000000001101111001110010000
001101111010000000000000000000000000000000000000000000000000000001110001011001110000001110001000
001110000110000000000000000000000000000000000000000000000000000000000000000000000000000000000000
001110001110000000000000000000000000000000000000000000000000000000000000000000000000000000000000
001110010110000000000000000000000000000000000000000000000000000000000000000000000000000000000000
001110011010000000000000000000000000000000000000000000000000000010011101101001110100001110101000
001110100110000000000000000000000000000000000000000000000000000000000000000000000000000000000001
001110101000000000000000000000000000000000001100011101100001100110101000000001110110001110111000
001110110110000000000000000000000000000000000000000000000000000000000000000000000000000000000000
001110111110000000000000000000000000000000000000000000000000000000000000000000000000000000000000
001111000000000000000000000000000000000000001100011101100001100110101000000001111001010000110000
00111100110100001000011000101000110111011000000000000000000000000000000000000001111010010000001000
00111101010100000000011111111010000010101011000000000000000000000000000000000001111011001111110000
001111011010000000000000000000000000000000000000000000000000000001101001010001111100001111101000
001111100110000000000000000000000000000000000000000000000000000000000000000000000000000000000001
001111101110000000000000000000000000000000000000000000000000000000000000000000000000000000000001
00111111010100000000101100011111101100001001100000000000000000000000000000000001111111010000000000
001111111110000000000000000000000000000000000000000000000000000000000000000000000000000000000000
010000000110000000000000000000000000000000000000000000000000000000000000000000000000000000000000
01000000110101000000000000100101001011000000000000000000000000000000000000000010000010010000101000
010000010010000000000000000000000000000000000000000000000000000010100101010010000011010000100000
010000011110000000000000000000000000000000000000000000000000000000000000000000000000000000000001
010000100110000000000000000000000000000000000000000000000000000000000000000000000000000000000001
010000101110000000000000000000000000000000000000000000000000000000000000000000000000000000000001
01000011010100000100101110100001100111111000000000000000000000000000000000000010000111010001110000
010000111010000000000000000000000000000000000000000000000000000001111010001010001000010001011000
01000100010100000000000000000000000000000000000000001000000101110111001011101010001001010001010000
010001001110000000000000000000000000000000000000000000000000000000000000000000000000000000000001
010001010110000000000000000000000000000000000000000000000000000000000000000000000000000000000000
010001011010000000000000000000000000000000000000000000000000000001111111011010001100010001101000
010001100110000000000000000000000000000000000000000000000000000000000000000000000000000000000001
010001101110000000000000000000000000000000000000000000000000000000000000000000000000000000000001
010001110010000000000000000000000000000000000000000000000000000010100101010010001111010010010000
010001111010000000000000000000000000000000000000000000000000000001111101000010010000010010001000
010010000110000000000000000000000000000000000000000000000000000000000000000000000000000000000001
010010001110000000000000000000000000000000000000000000000000000000000000000000000000000000000001
010010010110000000000000000000000000000000000000000000000000000000000000000000000000000000000001
010010011010000000000000000000000000000000000000000000000000000001011000010010010100010011111000
010010100010000000000000000000000000000000000000000000000000000000111110101010010101010011110000
010010101010000000000000000000000000000000000000000000000000000000111110100010010110010010111000
010010110110000000000000000000000000000000000000000000000000000000000000000000000000000000000001
01001011110100000100010011000000000000000010000000000000000000000000000000000010011000010011011000
01001100010100000000010000000100000000000001000000000010001000001111000101000010011001010011010000
010011001110000000000000000000000000000000000000000000000000000000000000000000000000000000000001
010011010110000000000000000000000000000000000000000000000000000000000000000000000000000000000000
01001101110100001100100010001100000000001000000000000000000000000000000000000010011100010011101000
010011100110000000000000000000000000000000000000000000000000000000000000000000000000000000000001
010011101110000000000000000000000000000000000000000000000000000000000000000000000000000000000000
010011110110000000000000000000000000000000000000000000000000000000000000000000000000000000000001
01001111110100000000000000000000000000000000000001100011100000010001111101000010100000010101011000
010100000010000000000000000000000000000000000000000000000000000001101001100010100001010100110000
01010000110100000000000000000000000000000000000000000000000000000000000000011010100010010100011000
010100010110000000000000000000000000000000000000000000000000000000000000000000000000000000000000
01010001110100000000000000000000000000000000000000000101111100101100001111101010100100010100101000
010100100110000000000000000000000000000000000000000000000000000000000000000000000000000000000001
010100101110000000000000000000000000000000000000000000000000000000000000000000000000000000000000
01010011010100000000000000000000000000000000000000000000000000000000000000000010100111010101000000
010100111110000000000000000000000000000000000000000000000000000000000000000000000000000000000000
01010100010100000000000000000000000000000000000000000000000000000001010000000010101001010101010000
010101001110000000000000000000000000000000000000000000000000000000000000000000000000000000000001
010101010110000000000000000000000000000000000000000000000000000000000000000000000000000000000001
010101011010000000000000000000000000000000000000000000000000000001111010001010101100010110011000
010101100010000000000000000000000000000000000000000000000000000001011111001010101101010110000000
010101101010000000000000000000000000000000000000000000000000000001011111000010101110010101111000
010101110110000000000000000000000000000000000000000000000000000000000000000000000000000000000000
010101111110000000000000000000000000000000000000000000000000000000000000000000000000000000000000
010110000010000000000000000000000000000000000000000000000000000001111000000010110001010110010000
010110001110000000000000000000000000000000000000000000000000000000000000000000000000000000000001
010110010110000000000000000000000000000000000000000000000000000000000000000000000000000000000000
010110011010000000000000000000000000000000000000000000000000000001111101100010110100010110111000
01011010010100001001101001000000100111011000000000000000000000000000000000000010110101010110110000
010110101110000000000000000000000000000000000000000000000000000000000000000000000000000000000001
010110110110000000000000000000000000000000000000000000000000000000000000000000000000000000000000
01011011110101000000000001000110111001000000000000000000000000000000000000000010111000010111001000
010111000110000000000000000000000000000000000000000000000000000000000000000000000000000000000001
010111001110000000000000000000000000000000000000000000000000000000000000000000000000000000000001
01011101010100000000000000000010000000000000000000000010000000000000000000000010111011011100100000
010111011000000000000000000000000000000000001100011101100001100111011000000010111100011010111000
010111100010000000000000000000000000000000000000000000000000000000011011101010111101011000100000
01011110110100000000000000000000000000000000000000111000000000010000010000100010111110011000011000
01011111010100000000000000000000000000000000000000000000000000010000000010000010111111011000000000
010111111110000000000000000000000000000000000000000000000000000000000000000000000000000000000001
01100000010100000000000000000000000000000000000000011100000000010000010000100011000001011000010000
011000001110000000000000000000000000000000000000000000000000000000000000000000000000000000000000
011000010110000000000000000000000000000000000000000000000000000000000000000000000000000000000001
011000011110000000000000000000000000000000000000000000000000000000000000000000000000000000000000
011000100010000000000000000000000000000000000000000000000000000001110011001011000101011010000000
011000101010000000000000000000000000000000000000000000000000000000101011111011000110011001011000
01100011010100000000000000000001000000000001000000000000000000000000000000000011000111011001010000
011000111010000000000000000000000000000000000000000000000000000000100111100011001000011001001000
011001000110000000000000000000000000000000000000000000000000000000000000000000000000000000000000
011001001110000000000000000000000000000000000000000000000000000000000000000000000000000000000001
011001010110000000000000000000000000000000000000000000000000000000000000000000000000000000000001
01100101110100000000000000000000000000000001110110010000000100001110000000000011001100011001101000
011001100110000000000000000000000000000000000000000000000000000000000000000000000000000000000000
01100110110100000000000000000000000000000011110110010000000100001110000000000011001110011001111000
011001110110000000000000000000000000000000000000000000000000000000000000000000000000000000000001
011001111110000000000000000000000000000000000000000000000000000000000000000000000000000000000000
01101000010100000000000000000000000000000000010000000000000000000000100111000011010001011010010000
011010001110000000000000000000000000000000000000000000000000000000000000000000000000000000000000
011010010010000000000000000000000000000000000000000000000000000010001011101011010011011010110000
01101001110100000000000000000000000001010100010000000000000100000000000000000011010100011010101000
011010100110000000000000000000000000000000000000000000000000000000000000000000000000000000000001
011010101110000000000000000000000000000000000000000000000000000000000000000000000000000000000000
011010110110000000000000000000000000000000000000000000000000000000000000000000000000000000000000
011010111010000000000000000000000000000000000000000000000000000001110011001011011000011011001000
011011000110000000000000000000000000000000000000000000000000000000000000000000000000000000000000
011011001000000000000000000000000000000000001100011101100001100111111000000011011010011100011000
01101101010100000000000000000000000000000010100000000000000000000000100111000011011011011011100000
011011011110000000000000000000000000000000000000000000000000000000000000000000000000000000000000
011011100010000000000000000000000000000000000000000000000000000010001011101011011101011100010000
011011101000000000000000000000000000000000001100011101100001100111101000000011011110011011111000
011011110110000000000000000000000000000000000000000000000000000000000000000000000000000000000000
01101111110100000000000000000000010010001010000000000000000000000000000000000011100000011100001000
011100000110000000000000000000000000000000000000000000000000000000000000000000000000000000000001
011100001110000000000000000000000000000000000000000000000000000000000000000000000000000000000000
011100010110000000000000000000000000000000000000000000000000000000000000000000000000000000000000
011100011110000000000000000000000000000000000000000000000000000000000000000000000000000000000000
011100100010000000000000000000000000000000000000000000000000000000111110011011100101011100110000
011100101110000000000000000000000000000000000000000000000000000000000000000000000000000000000000
011100110010000000000000000000000000000000000000000000000000000001111101011011100111011110100000
011100111010000000000000000000000000000000000000000000000000000001111011101011101000011110001000
011101000000000000000000000000000000000000001100011101100001100111011000000011101001011110000000
011101001010000000000000000000000000000000000000000000000000000001011011011011101010011101111000
01110101010100000100010011000000000000000010000000000000000000000000000000000011101011011101100000
011101011110000000000000000000000000000000000000000000000000000000000000000000000000000000000000
01110110010100000110110001101100000000000000000000000000000000000000000000000011101101011101110000
011101101110000000000000000000000000000000000000000000000000000000000000000000000000000000000001
011101110110000000000000000000000000000000000000000000000000000000000000000000000000000000000000
011101111110000000000000000000000000000000000000000000000000000000000000000000000000000000000000
011110000110000000000000000000000000000000000000000000000000000000000000000000000000000000000000
01111000110100001101111110001100001001100000000000000000000000000000000000000011110010011110011000
011110010110000000000000000000000000000000000000000000000000000000000000000000000000000000000000
011110011110000000000000000000000000000000000000000000000000000000000000000000000000000000000001
011110100110000000000000000000000000000000000000000000000000000000000000000000000000000000000000
