000000000000000000000000000000000000000000001100011101100001100111001000000000000001100001000000
00000000110100010010000101010100101111010000000000000000000000000000000000000000000010010110111000
000000010000000000000000000000000000000000001100011101100001100110101000000000000011001010000000
00000001110100000000000000000000000000000000000000001000000011111101100101000000000100000100111000
00000010010100000000000000000000000000000000000000000000101101011111000101011000000101000011010000
000000101010000000000000000000000000000000000000000000000000000000011000100000000110000001011000
000000110010000000000000000000000000000000000000000000000000000000011000000000000111000001000000
000000111110000000000000000000000000000000000000000000000000000000000000000000000000000000000001
00000100010100000000000000000000000000000000000000000000000000000000000010111000001001000001010000
000001001110000000000000000000000000000000000000000000000000000000000000000000000000000000000001
000001010110000000000000000000000000000000000000000000000000000000000000000000000000000000000001
00000101110100000000000000000000000000000000000000000000000000000000000000000000001100000010011000
000001100010000000000000000000000000000000000000000000000000000010000000000000001101000010000000
000001101010000000000000000000000000000000000000000000000000000001110001011000001110000001111000
000001110110000000000000000000000000000000000000000000000000000000000000000000000000000000000000
000001111110000000000000000000000000000000000000000000000000000000000000000000000000000000000000
000010000010000000000000000000000000000000000000000000000000000010010110000000010001000010010000
000010001110000000000000000000000000000000000000000000000000000000000000000000000000000000000001
000010010110000000000000000000000000000000000000000000000000000000000000000000000000000000000000
000010011010000000000000000000000000000000000000000000000000000000111100001000010100000010111000
00001010010100000000000000000000000000000000000000000000000010000000000010111000010101000010110000
000010101110000000000000000000000000000000000000000000000000000000000000000000000000000000000001
000010110110000000000000000000000000000000000000000000000000000000000000000000000000000000000000
000010111010000000000000000000000000000000000000000000000000000001111111011000011000000011001000
000011000110000000000000000000000000000000000000000000000000000000000000000000000000000000000001
000011001110000000000000000000000000000000000000000000000000000000000000000000000000000000000001
000011010010000000000000000000000000000000000000000000000000000001101001011000011011000100110000
000011011010000000000000000000000000000000000000000000000000000001101000111000011100000100001000
000011100010000000000000000000000000000000000000000000000000000000110011110000011101000100000000
000011101010000000000000000000000000000000000000000000000000000000110011100000011110000011111000
000011110110000000000000000000000000000000000000000000000000000000000000000000000000000000000001
000011111110000000000000000000000000000000000000000000000000000000000000000000000000000000000000
000100000110000000000000000000000000000000000000000000000000000000000000000000000000000000000001
000100001010000000000000000000000000000000000000000000000000000001101001000000100010000100011000
000100010110000000000000000000000000000000000000000000000000000000000000000000000000000000000000
000100011010000000000000000000000000000000000000000000000000000001101001001000100100000100101000
000100100110000000000000000000000000000000000000000000000000000000000000000000000000000000000001
000100101110000000000000000000000000000000000000000000000000000000000000000000000000000000000000
000100110110000000000000000000000000000000000000000000000000000000000000000000000000000000000001
000100111010000000000000000000000000000000000000000000000000000000111100101000101000000111001000
000101000010000000000000000000000000000000000000000000000000000000011000000000101001000101010000
000101001110000000000000000000000000000000000000000000000000000000000000000000000000000000000001
00010101010100000000000000000000000000000000011111100100110100101111000000000000101011000110010000
000101011010000000000000000000000000000000000000000000000000000000011110000000101100000101111000
000101100010000000000000000000000000000000000000000000000000000000011001010000101101000101110000
000101101110000000000000000000000000000000000000000000000000000000000000000000000000000000000000
000101110110000000000000000000000000000000000000000000000000000000000000000000000000000000000001
00010111110100000000000000000000000000000000001111111001110010110000100000000000110000000110001000
000110000110000000000000000000000000000000000000000000000000000000000000000000000000000000000000
000110001110000000000000000000000000000000000000000000000000000000000000000000000000000000000001
000110010010000000000000000000000000000000000000000000000000000000011001001000110011000110110000
00011001110100000000000000000000000000000001100111111010111111000100000000000000110100000110101000
000110100110000000000000000000000000000000000000000000000000000000000000000000000000000000000001
000110101110000000000000000000000000000000000000000000000000000000000000000000000000000000000000
00011011010100001000111001100100100001101000000000000000000000000000000000000000110111000111000000
000110111110000000000000000000000000000000000000000000000000000000000000000000000000000000000000
000111000110000000000000000000000000000000000000000000000000000000000000000000000000000000000001
000111001010000000000000000000000000000000000000000000000000000001111111001000111010001000111000
00011101010100000000011111111010000010101011000000000000000000000000000000000000111011001000010000
00011101110100000000000000000000010010011010110111101000010000000000000000000000111100000111111000
000111100010000000000000000000000000000000000000000000000000000001101001010000111101000111110000
000111101110000000000000000000000000000000000000000000000000000000000000000000000000000000000000
000111110110000000000000000000000000000000000000000000000000000000000000000000000000000000000001
000111111010000000000000000000000000000000000000000000000000000001111101000001000000001000001000
001000000110000000000000000000000000000000000000000000000000000000000000000000000000000000000001
001000001110000000000000000000000000000000000000000000000000000000000000000000000000000000000000
00100001010100001000000011010000100111011100000000000000000000000000000000000001000011001000110000
00100001110100000111100001011000010110011100000000000000000000000000000000000001000100001000101000
001000100110000000000000000000000000000000000000000000000000000000000000000000000000000000000000
001000101110000000000000000000000000000000000000000000000000000000000000000000000000000000000000
001000110110000000000000000000000000000000000000000000000000000000000000000000000000000000000001
00100011110100010010000011111100000100100000000000000000000000000000000000000001001000001001111000
001001000010000000000000000000000000000000000000000000000000000010011110001001001001001001100000
00100100110100000000000000000000000001110000011001101010010000000000000000000001001010001001011000
001001010110000000000000000000000000000000000000000000000000000000000000000000000000000000000001
001001011110000000000000000000000000000000000000000000000000000000000000000000000000000000000001
00100110010100000000000000000010000000000010001111011110000000000000000000000001001101001001110000
001001101110000000000000000000000000000000000000000000000000000000000000000000000000000000000001
001001110110000000000000000000000000000000000000000000000000000000000000000000000000000000000001
001001111110000000000000000000000000000000000000000000000000000000000000000000000000000000000000
001010000000000000000000000000000000000000001100011101100001100110111000000001010001010001100000
00101000110100000000010000000000001010000100010000000000000000000000000000000001010010001101111000
00101001010100000000000001001111101101000110010000000000000000000000000000000001010011001100010000
00101001110100000000000000000111111111110101010000111100000000000000000000000001010100001011011000
001010100010000000000000000000000000000000000000000000000000000001101001010001010101001011000000
00101010110100000000000000000000000000000000000000001000000111001001000010010001010110001010111000
001010110110000000000000000000000000000000000000000000000000000000000000000000000000000000000001
001010111110000000000000000000000000000000000000000000000000000000000000000000000000000000000000
00101100010100000000000000000000000000000000000000000000000000000000000000000001011001001011010000
001011001110000000000000000000000000000000000000000000000000000000000000000000000000000000000000
001011010110000000000000000000000000000000000000000000000000000000000000000000000000000000000001
001011011010000000000000000000000000000000000000000000000000000000111110011001011100001011111000
00101110010100000000000000111000110000000010110100100000000000000000000000000001011101001011110000
001011101110000000000000000000000000000000000000000000000000000000000000000000000000000000000000
001011110110000000000000000000000000000000000000000000000000000000000000000000000000000000000000
001011111010000000000000000000000000000000000000000000000000000010000011110001100000001100001000
001100000110000000000000000000000000000000000000000000000000000000000000000000000000000000000001
001100001110000000000000000000000000000000000000000000000000000000000000000000000000000000000001
001100010010000000000000000000000000000000000000000000000000000000011000110001100011001101010000
00110001110100000000000100001011001001101101000000000000000000000000000000000001100100001100111000
00110010010100000000000011100011010101010111000000000000000000000000000000000001100101001100110000
001100101110000000000000000000000000000000000000000000000000000000000000000000000000000000000001
001100110110000000000000000000000000000000000000000000000000000000000000000000000000000000000001
00110011110100000000000111010000110000000011101000000000000000000000000000000001101000001101001000
001101000110000000000000000000000000000000000000000000000000000000000000000000000000000000000000
001101001110000000000000000000000000000000000000000000000000000000000000000000000000000000000000
001101010010000000000000000000000000000000000000000000000000000000111101000001101011001101100000
001101011110000000000000000000000000000000000000000000000000000000000000000000000000000000000001
001101100010000000000000000000000000000000000000000000000000000001111111010001101101001101110000
001101101110000000000000000000000000000000000000000000000000000000000000000000000000000000000001
001101110110000000000000000000000000000000000000000000000000000000000000000000000000000000000001
00110111110100000100010000000001101000100100000000000000000000000000000000000001110000001111101000
001110000010000000000000000000000000000000000000000000000000000000111110111001110001001110110000
001110001010000000000000000000000000000000000000000000000000000000011000000001110010001110011000
001110010110000000000000000000000000000000000000000000000000000000000000000000000000000000000001
001110011010000000000000000000000000000000000000000000000000000000011110111001110100001110101000
001110100110000000000000000000000000000000000000000000000000000000000000000000000000000000000000
001110101110000000000000000000000000000000000000000000000000000000000000000000000000000000000000
001110110010000000000000000000000000000000000000000000000000000001111110001001110111001111010000
00111011110100000011101011111111001010101110000000000000000000000000000000000001111000001111001000
001111000110000000000000000000000000000000000000000000000000000000000000000000000000000000000001
001111001110000000000000000000000000000000000000000000000000000000000000000000000000000000000000
00111101010100000011111110011001000000011010000000000000000000000000000000000001111011001111100000
001111011110000000000000000000000000000000000000000000000000000000000000000000000000000000000001
001111100110000000000000000000000000000000000000000000000000000000000000000000000000000000000000
00111110110100000111100000110111010111100100000000000000000000000000000000000001111110010000101000
00111111010100000101010001010010110010111000000000000000000000000000000000000001111111010000010000
00111111110100000100010001100010010110111000000000000000000000000000000000000010000000010000001000
010000000110000000000000000000000000000000000000000000000000000000000000000000000000000000000000
010000001110000000000000000000000000000000000000000000000000000000000000000000000000000000000001
010000010010000000000000000000000000000000000000000000000000000001111100110010000011010000100000
010000011110000000000000000000000000000000000000000000000000000000000000000000000000000000000001
010000100110000000000000000000000000000000000000000000000000000000000000000000000000000000000001
01000010110100001000011100000011001101101000000000000000000000000000000000000010000110010001001000
010000110010000000000000000000000000000000000000000000000000000000111110110010000111010001000000
010000111110000000000000000000000000000000000000000000000000000000000000000000000000000000000000
010001000110000000000000000000000000000000000000000000000000000000000000000000000000000000000001
01000100110100001111111111011000000010001000000000000000000000000000000000000010001010010001011000
010001010110000000000000000000000000000000000000000000000000000000000000000000000000000000000001
010001011110000000000000000000000000000000000000000000000000000000000000000000000000000000000000
010001100010000000000000000000000000000000000000000000000000000000111100001010001101010100010000
01000110110100000000000000000000000000000000000000000000000010111111111011101010001110010011001000
010001110010000000000000000000000000000000000000000000000000000000100110010010001111010010100000
010001111010000000000000000000000000000000000000000000000000000000011101111010010000010010001000
010010000110000000000000000000000000000000000000000000000000000000000000000000000000000000000001
010010001010000000000000000000000000000000000000000000000000000000011110100010010010010010011000
010010010110000000000000000000000000000000000000000000000000000000000000000000000000000000000000
010010011110000000000000000000000000000000000000000000000000000000000000000000000000000000000001
010010100010000000000000000000000000000000000000000000000000000000111001111010010101010011000000
010010101010000000000000000000000000000000000000000000000000000000111001100010010110010010111000
010010110110000000000000000000000000000000000000000000000000000000000000000000000000000000000000
010010111110000000000000000000000000000000000000000000000000000000000000000000000000000000000000
010011000110000000000000000000000000000000000000000000000000000000000000000000000000000000000001
010011001010000000000000000000000000000000000000000000000000000000011000000010011010010011011000
010011010110000000000000000000000000000000000000000000000000000000000000000000000000000000000001
01001101110100000000010000100000000000011101000000000000000000000000000000000010011100010011111000
010011100010000000000000000000000000000000000000000000000000000000110000011010011101010011110000
010011101110000000000000000000000000000000000000000000000000000000000000000000000000000000000000
010011110110000000000000000000000000000000000000000000000000000000000000000000000000000000000000
010011111010000000000000000000000000000000000000000000000000000000111000011010100000010100001000
010100000110000000000000000000000000000000000000000000000000000000000000000000000000000000000000
010100001110000000000000000000000000000000000000000000000000000000000000000000000000000000000001
010100010010000000000000000000000000000000000000000000000000000001011000010010100011010101100000
01010001110100000000000000000000000000000000000000000000000000000000000000001010100100010100101000
010100100110000000000000000000000000000000000000000000000000000000000000000000000000000000000000
010100101010000000000000000000000000000000000000000000000000000000111101001010100110010101001000
010100110010000000000000000000000000000000000000000000000000000000111101000010100111010101000000
010100111110000000000000000000000000000000000000000000000000000000000000000000000000000000000001
010101000110000000000000000000000000000000000000000000000000000000000000000000000000000000000001
010101001010000000000000000000000000000000000000000000000000000000111110101010101010010101011000
010101010110000000000000000000000000000000000000000000000000000000000000000000000000000000000001
010101011110000000000000000000000000000000000000000000000000000000000000000000000000000000000001
010101100010000000000000000000000000000000000000000000000000000001111010010010101101010110010000
01010110110100000011101110100111111111011000000000000000000000000000000000000010101110010110001000
010101110010000000000000000000000000000000000000000000000000000001101001011010101111010110000000
010101111110000000000000000000000000000000000000000000000000000000000000000000000000000000000000
010110000110000000000000000000000000000000000000000000000000000000000000000000000000000000000000
010110001110000000000000000000000000000000000000000000000000000000000000000000000000000000000001
01011001010100000000000000000000000000000000000000000000000000000000000000001010110011010110100000
010110011110000000000000000000000000000000000000000000000000000000000000000000000000000000000000
010110100010000000000000000000000000000000000000000000000000000001111110000010110101010110110000
010110101110000000000000000000000000000000000000000000000000000000000000000000000000000000000001
010110110110000000000000000000000000000000000000000000000000000000000000000000000000000000000001
01011011110100010111111111111010011011000000000000000000000000000000000000000010111000010111001000
010111000110000000000000000000000000000000000000000000000000000000000000000000000000000000000001
010111001000000000000000000000000000000000001100011101100001100110111000000010111010011100111000
010111010010000000000000000000000000000000000000000000000000000000111110001010111011011011000000
010111011010000000000000000000000000000000000000000000000000000000110011000010111100011001001000
010111100000000000000000000000000000000000001100011101100001100110101000000010111101011000010000
010111101010000000000000000000000000000000000000000000000000000000100101010010111110011000001000
01011111010100011010000000100111110110100000000000000000000000000000000000000010111111011000000000
010111111110000000000000000000000000000000000000000000000000000000000000000000000000000000000000
011000000110000000000000000000000000000000000000000000000000000000000000000000000000000000000001
011000001110000000000000000000000000000000000000000000000000000000000000000000000000000000000001
01100001010100011010000101001111101111100000000000000000000000000000000000000011000011011000110000
011000011010000000000000000000000000000000000000000000000000000000010111011011000100011000101000
011000100110000000000000000000000000000000000000000000000000000000000000000000000000000000000001
011000101110000000000000000000000000000000000000000000000000000000000000000000000000000000000000
01100011010100100011100011011100000011100000000000000000000000000000000000000011000111011001000000
011000111110000000000000000000000000000000000000000000000000000000000000000000000000000000000001
011001000110000000000000000000000000000000000000000000000000000000000000000000000000000000000001
01100100110101101000111010011011110001000000000000000000000000000000000000000011001010011010001000
01100101010100101000000001000100001111100000000000000000000000000000000000000011001011011001110000
01100101110100011111111110011001011111010000000000000000000000000000000000000011001100011001101000
011001100110000000000000000000000000000000000000000000000000000000000000000000000000000000000001
011001101110000000000000000000000000000000000000000000000000000000000000000000000000000000000000
011001110000000000000000000000000000000000001100011101100001100110101000000011001111011010000000
011001111110000000000000000000000000000000000000000000000000000000000000000000000000000000000000
011010000110000000000000000000000000000000000000000000000000000000000000000000000000000000000000
011010001000000000000000000000000000000000001100011101100001100110101000000011010010011010101000
011010010010000000000000000000000000000000000000000000000000000000110011010011010011011010100000
011010011110000000000000000000000000000000000000000000000000000000000000000000000000000000000000
011010100110000000000000000000000000000000000000000000000000000000000000000000000000000000000001
01101010110101101100000011110011010111000000000000000000000000000000000000000011010110011010111000
011010110110000000000000000000000000000000000000000000000000000000000000000000000000000000000001
011010111110000000000000000000000000000000000000000000000000000000000000000000000000000000000001
011011000000000000000000000000000000000000001100011101100001100110101000000011011001011100000000
011011001010000000000000000000000000000000000000000000000000000010100010100011011010011011111000
011011010010000000000000000000000000000000000000000000000000000001111101100011011011011011100000
011011011110000000000000000000000000000000000000000000000000000000000000000000000000000000000001
011011100010000000000000000000000000000000000000000000000000000001111101101011011101011011110000
011011101110000000000000000000000000000000000000000000000000000000000000000000000000000000000000
011011110110000000000000000000000000000000000000000000000000000000000000000000000000000000000001
011011111110000000000000000000000000000000000000000000000000000000000000000000000000000000000001
01110000010101000000000000100111101010000000000000000000000000000000000000000011100001011100110000
01110000110100111111111111010000011110000000000000000000000000000000000000000011100010011100101000
011100010010000000000000000000000000000000000000000000000000000010100010100011100011011100100000
011100011110000000000000000000000000000000000000000000000000000000000000000000000000000000000001
011100100110000000000000000000000000000000000000000000000000000000000000000000000000000000000001
011100101110000000000000000000000000000000000000000000000000000000000000000000000000000000000000
011100110110000000000000000000000000000000000000000000000000000000000000000000000000000000000001
01110011110100100111111111111011001100000000000000000000000000000000000000000011101000011111001000
01110100010100011111111100011111110110010000000000000000000000000000000000000011101001011110000000
011101001010000000000000000000000000000000000000000000000000000000011001011011101010011101111000
01110101010100011010001101011111111100010000000000000000000000000000000000000011101011011101110000
01110101110100011000000010011011001101010000000000000000000000000000000000000011101100011101101000
011101100110000000000000000000000000000000000000000000000000000000000000000000000000000000000000
011101101110000000000000000000000000000000000000000000000000000000000000000000000000000000000000
011101110110000000000000000000000000000000000000000000000000000000000000000000000000000000000001
011101111110000000000000000000000000000000000000000000000000000000000000000000000000000000000001
011110000010000000000000000000000000000000000000000000000000000010100010111011110001011111000000
01111000110100100011101001100000000101100000000000000000000000000000000000000011110010011110101000
011110010010000000000000000000000000000000000000000000000000000000100101001011110011011110100000
011110011110000000000000000000000000000000000000000000000000000000000000000000000000000000000001
011110100110000000000000000000000000000000000000000000000000000000000000000000000000000000000000
01111010110100100111110111001000100110000000000000000000000000000000000000000011110110011110111000
011110110110000000000000000000000000000000000000000000000000000000000000000000000000000000000001
011110111110000000000000000000000000000000000000000000000000000000000000000000000000000000000000
011111000110000000000000000000000000000000000000000000000000000000000000000000000000000000000001
01111100110101101000000110010011101101000000000000000000000000000000000000000011111010100000111000
01111101010100111111111111111101001000000000000000000000000000000000000000000011111011100000000000
011111011010000000000000000000000000000000000000000000000000000000110011001011111100011111111000
011111100010000000000000000000000000000000000000000000000000000000110010101011111101011111110000
011111101110000000000000000000000000000000000000000000000000000000000000000000000000000000000001
011111110110000000000000000000000000000000000000000000000000000000000000000000000000000000000000
011111111110000000000000000000000000000000000000000000000000000000000000000000000000000000000001
10000000010101001000000001011011111010000000000000000000000000000000000000000100000001100000100000
100000001010000000000000000000000000000000000000000000000000000010000001001100000010100000011000
100000010110000000000000000000000000000000000000000000000000000000000000000000000000000000000000
100000011110000000000000000000000000000000000000000000000000000000000000000000000000000000000001
10000010010101010111000001100100101100000000000000000000000000000000000000000100000101100000110000
100000101110000000000000000000000000000000000000000000000000000000000000000000000000000000000001
100000110110000000000000000000000000000000000000000000000000000000000000000000000000000000000000
100000111110000000000000000000000000000000000000000000000000000000000000000000000000000000000001
10000100010100000000000000000010000000000000000000000010000000000000000000000100001001100101110000
100001001010000000000000000000000000000000000000000000000000000000011011101100001010100010001000
10000101010100000000000000000000000000000000000000111000000000010000010000100100001011100010000000
10000101110100000000000000000000000000000000000000000000000000010000000010000100001100100001101000
100001100110000000000000000000000000000000000000000000000000000000000000000000000000000000000001
10000110110100000000000000000000000000000000000000011100000000010000010000100100001110100001111000
100001110110000000000000000000000000000000000000000000000000000000000000000000000000000000000000
100001111110000000000000000000000000000000000000000000000000000000000000000000000000000000000001
100010000110000000000000000000000000000000000000000000000000000000000000000000000000000000000000
10001000110100000000000000000001111111000000100001001010000000000000000000000100010010100101001000
100010010010000000000000000000000000000000000000000000000000000001110011001100010011100011110000
100010011010000000000000000000000000000000000000000000000000000001101001001100010100100011011000
10001010010100000000000000000000000000000000000000000000100000000010100010010100010101100011010000
100010101010000000000000000000000000000000000000000000000000000000101011111100010110100011001000
100010110000000000000000000000000000000000001100011101100001100111011000000100010111100011000000
100010111110000000000000000000000000000000000000000000000000000000000000000000000000000000000000
100011000110000000000000000000000000000000000000000000000000000000000000000000000000000000000000
100011001110000000000000000000000000000000000000000000000000000000000000000000000000000000000000
100011010110000000000000000000000000000000000000000000000000000000000000000000000000000000000000
10001101110100000000000000000000000000000001000111000011110111010001100000000100011100100011101000
100011100110000000000000000000000000000000000000000000000000000000000000000000000000000000000000
100011101110000000000000000000000000000000000000000000000000000000000000000000000000000000000001
100011110010000000000000000000000000000000000000000000000000000001111110010100011111100101000000
100011111000000000000000000000000000000000001100011101100001100111011000000100100000100100011000
10010000010100000000000000000000000001010100010000000000000100000000000000000100100001100100010000
100100001110000000000000000000000000000000000000000000000000000000000000000000000000000000000001
100100010110000000000000000000000000000000000000000000000000000000000000000000000000000000000000
10010001110100000000000000000000000010101010100000000000000000000000000000000100100100100100111000
10010010010100000000000000000000000000000010100000000000000000000000000000000100100101100100110000
100100101110000000000000000000000000000000000000000000000000000000000000000000000000000000000000
100100110110000000000000000000000000000000000000000000000000000000000000000000000000000000000001
100100111110000000000000000000000000000000000000000000000000000000000000000000000000000000000000
100101000110000000000000000000000000000000000000000000000000000000000000000000000000000000000000
100101001000000000000000000000000000000000001100011101100001100111011000000100101010100101101000
100101010010000000000000000000000000000000000000000000000000000010000110101100101011100101100000
100101011110000000000000000000000000000000000000000000000000000000000000000000000000000000000001
100101100110000000000000000000000000000000000000000000000000000000000000000000000000000000000000
100101101110000000000000000000000000000000000000000000000000000000000000000000000000000000000000
100101110000000000000000000000000000000000001100011101100001100111101000000100101111101000000000
100101111010000000000000000000000000000000000000000000000000000000111110011100110000100110001000
100110000110000000000000000000000000000000000000000000000000000000000000000000000000000000000000
10011000110100000110100000100100011001010100000000000000000000000000000000000100110010100110011000
100110010110000000000000000000000000000000000000000000000000000000000000000000000000000000000000
100110011000000000000000000000000000000000001100011101100001100111011000000100110100100111001000
100110100010000000000000000000000000000000000000000000000000000001011101111100110101100111000000
10011010110100000110110001101100000000000000000000000000000000000000000000000100110110100110111000
100110110110000000000000000000000000000000000000000000000000000000000000000000000000000000000001
100110111110000000000000000000000000000000000000000000000000000000000000000000000000000000000000
100111000110000000000000000000000000000000000000000000000000000000000000000000000000000000000000
100111001010000000000000000000000000000000000000000000000000000001111101011100111010100111111000
10011101010100001111111000100000000111101000000000000000000000000000000000000100111011100111110000
100111011010000000000000000000000000000000000000000000000000000001011101111100111100100111101000
100111100110000000000000000000000000000000000000000000000000000000000000000000000000000000000000
100111101110000000000000000000000000000000000000000000000000000000000000000000000000000000000000
100111110110000000000000000000000000000000000000000000000000000000000000000000000000000000000000
100111111110000000000000000000000000000000000000000000000000000000000000000000000000000000000000
101000000110000000000000000000000000000000000000000000000000000000000000000000000000000000000000
