000000000000000000000000000000000000000000001100011101100001100111001000000000000001100101110000
00000000110100010010000101010100101111010000000000000000000000000000000000000000000010011001011000
00000001010100000000010000000000001001101001110000000000000000000000000000000000000011001100110000
00000001110100000000000001001100011000101011000011000000000000000000000000000000000100000110111000
000000100010000000000000000000000000000000000000000000000000000000011110000000000101000011010000
00000010110100000000000000000000000000000000000000000000000000011111110101000000000110000001101000
000000110010000000000000000000000000000000000000000000000000000000011000000000000111000001000000
000000111110000000000000000000000000000000000000000000000000000000000000000000000000000000000001
000001000010000000000000000000000000000000000000000000000000000000011000110000001001000001100000
000001001000000000000000000000000000000000001100011101100001100110101000000000001010000001011000
000001010110000000000000000000000000000000000000000000000000000000000000000000000000000000000001
000001011110000000000000000000000000000000000000000000000000000000000000000000000000000000000000
000001100110000000000000000000000000000000000000000000000000000000000000000000000000000000000001
000001101000000000000000000000000000000000001100011101100001100110111000000000001110000010101000
00000111010100000000000000000000000000000000000000000000000000100000100110100000001111000010010000
000001111010000000000000000000000000000000000000000000000000000000011010011000010000000010001000
000010000110000000000000000000000000000000000000000000000000000000000000000000000000000000000000
000010001110000000000000000000000000000000000000000000000000000000000000000000000000000000000001
000010010010000000000000000000000000000000000000000000000000000000011000000000010011000010100000
000010011110000000000000000000000000000000000000000000000000000000000000000000000000000000000001
000010100110000000000000000000000000000000000000000000000000000000000000000000000000000000000001
00001010110100000000000000001010000001101011000101000000000000000000000000000000010110000010111000
000010110110000000000000000000000000000000000000000000000000000000000000000000000000000000000001
000010111010000000000000000000000000000000000000000000000000000000011001001000011000000011001000
000011000110000000000000000000000000000000000000000000000000000000000000000000000000000000000000
000011001110000000000000000000000000000000000000000000000000000000000000000000000000000000000001
000011010000000000000000000000000000000000001100011101100001100110111000000000011011000101010000
000011011000000000000000000000000000000000001100011101100001100110101000000000011100000100011000
00001110010100000000000000000000000000000000000000000000000000000000000000000000011101000100000000
000011101010000000000000000000000000000000000000000000000000000010000000000000011110000011111000
000011110110000000000000000000000000000000000000000000000000000000000000000000000000000000000000
000011111110000000000000000000000000000000000000000000000000000000000000000000000000000000000000
000100000010000000000000000000000000000000000000000000000000000000111101001000100001000100010000
000100001110000000000000000000000000000000000000000000000000000000000000000000000000000000000000
000100010110000000000000000000000000000000000000000000000000000000000000000000000000000000000001
000100011010000000000000000000000000000000000000000000000000000001101001010000100100000100111000
00010010010100000000000000000000000000000000000000000000000000000000000000001000100101000100110000
000100101110000000000000000000000000000000000000000000000000000000000000000000000000000000000000
000100110110000000000000000000000000000000000000000000000000000000000000000000000000000000000000
00010011110100000000000000000000000000000000000000000000000000000000000000000000101000000101001000
000101000110000000000000000000000000000000000000000000000000000000000000000000000000000000000000
000101001110000000000000000000000000000000000000000000000000000000000000000000000000000000000001
000101010010000000000000000000000000000000000000000000000000000001101001011000101011000110000000
00010101110100000000000000000000000000000000000000000000000000000000000000001000101100000101101000
000101100110000000000000000000000000000000000000000000000000000000000000000000000000000000000000
000101101010000000000000000000000000000000000000000000000000000000111101001000101110000101111000
000101110110000000000000000000000000000000000000000000000000000000000000000000000000000000000000
000101111110000000000000000000000000000000000000000000000000000000000000000000000000000000000000
000110000010000000000000000000000000000000000000000000000000000001111111001000110001000110100000
000110001010000000000000000000000000000000000000000000000000000001111101000000110010000110011000
000110010110000000000000000000000000000000000000000000000000000000000000000000000000000000000001
000110011110000000000000000000000000000000000000000000000000000000000000000000000000000000000001
00011010010100000000000000000000000000000000000000000000000000000000000000011000110101000110110000
000110101110000000000000000000000000000000000000000000000000000000000000000000000000000000000000
000110110110000000000000000000000000000000000000000000000000000000000000000000000000000000000001
000110111000000000000000000000000000000000001100011101100001100110101000000000111000001001011000
00011100010100000000000001010000110101011011000110000000000000000000000000000000111001000111100000
000111001010000000000000000000000000000000000000000000000000000000101010101000111010000111011000
000111010110000000000000000000000000000000000000000000000000000000000000000000000000000000000000
000111011110000000000000000000000000000000000000000000000000000000000000000000000000000000000001
00011110010100000000001001010000001011101011101000000000000000000000000000000000111101001000100000
00011110110100000000001000111011101110111001011000000000000000000000000000000000111110001000001000
00011111010100000000000100111000010011001000100000000000000000000000000000000000111111001000000000
000111111110000000000000000000000000000000000000000000000000000000000000000000000000000000000001
001000000110000000000000000000000000000000000000000000000000000000000000000000000000000000000001
00100000110100000000001000111100101101000011111000000000000000000000000000000001000010001000011000
001000010110000000000000000000000000000000000000000000000000000000000000000000000000000000000000
001000011110000000000000000000000000000000000000000000000000000000000000000000000000000000000001
001000100010000000000000000000000000000000000000000000000000000000011001001001000101001001000000
001000101010000000000000000000000000000000000000000000000000000000011000000001000110001000111000
001000110110000000000000000000000000000000000000000000000000000000000000000000000000000000000001
001000111110000000000000000000000000000000000000000000000000000000000000000000000000000000000000
00100100010100000000001101101111101011100011110000000000000000000000000000000001001001001001010000
001001001110000000000000000000000000000000000000000000000000000000000000000000000000000000000001
001001010110000000000000000000000000000000000000000000000000000000000000000000000000000000000001
00100101110100000000000001100111111001001101000100000000000000000000000000000001001100001010111000
001001100010000000000000000000000000000000000000000000000000000000100000010001001101001010000000
001001101010000000000000000000000000000000000000000000000000000000010111101001001110001001111000
001001110110000000000000000000000000000000000000000000000000000000000000000000000000000000000001
001001111110000000000000000000000000000000000000000000000000000000000000000000000000000000000000
00101000010100000000000001010000000000000110000001000000000000000000000000000001010001001010100000
001010001000000000000000000000000000000000001100011101100001100110111000000001010010001010011000
001010010110000000000000000000000000000000000000000000000000000000000000000000000000000000000001
001010011110000000000000000000000000000000000000000000000000000000000000000000000000000000000001
001010100000000000000000000000000000000000001100011101100001100110111000000001010101001010110000
001010101110000000000000000000000000000000000000000000000000000000000000000000000000000000000001
001010110110000000000000000000000000000000000000000000000000000000000000000000000000000000000001
001010111010000000000000000000000000000000000000000000000000000000011000110001011000001011111000
00101100010100000000000011110100011110000001000010000000000000000000000000000001011001001011100000
00101100110100000000000011101100111111011010110010000000000000000000000000000001011010001011011000
001011010110000000000000000000000000000000000000000000000000000000000000000000000000000000000000
001011011110000000000000000000000000000000000000000000000000000000000000000000000000000000000001
001011100010000000000000000000000000000000000000000000000000000000011000000001011101001011110000
001011101110000000000000000000000000000000000000000000000000000000000000000000000000000000000001
001011110110000000000000000000000000000000000000000000000000000000000000000000000000000000000000
00101111110100000000001010010110001010100010100000000000000000000000000000000001100000001100011000
00110000010100000000000101101000101101111011001000000000000000000000000000000001100001001100010000
001100001110000000000000000000000000000000000000000000000000000000000000000000000000000000000001
001100010110000000000000000000000000000000000000000000000000000000000000000000000000000000000001
001100011010000000000000000000000000000000000000000000000000000000111100111001100100001100101000
001100100110000000000000000000000000000000000000000000000000000000000000000000000000000000000001
001100101110000000000000000000000000000000000000000000000000000000000000000000000000000000000001
001100110000000000000000000000000000000000001100011101100001100110111000000001100111010100100000
001100111010000000000000000000000000000000000000000000000000000000111101001001101000010000111000
00110100010100000000100000000001010111011000100000000000000000000000000000000001101001001111000000
001101001000000000000000000000000000000000001100011101100001100110101000000001101010001110001000
00110101010100000000010000100010011000010000000000000000000000000000000000000001101011001101110000
001101011010000000000000000000000000000000000000000000000000000000011001110001101100001101101000
001101100110000000000000000000000000000000000000000000000000000000000000000000000000000000000000
001101101110000000000000000000000000000000000000000000000000000000000000000000000000000000000001
00110111010100000000011110110001100110000111000000000000000000000000000000000001101111001110000000
001101111110000000000000000000000000000000000000000000000000000000000000000000000000000000000001
001110000110000000000000000000000000000000000000000000000000000000000000000000000000000000000000
00111000110100000000010000100000010101111111000000000000000000000000000000000001110010001110101000
00111001010100000000010000000101001100111111100000000000000000000000000000000001110011001110100000
001110011110000000000000000000000000000000000000000000000000000000000000000000000000000000000000
001110100110000000000000000000000000000000000000000000000000000000000000000000000000000000000000
00111010110100000000010110011000110000100000010000000000000000000000000000000001110110001110111000
001110110110000000000000000000000000000000000000000000000000000000000000000000000000000000000001
001110111110000000000000000000000000000000000000000000000000000000000000000000000000000000000000
00111100010100001000011100000011001101101000000000000000000000000000000000000001111001010000000000
001111001000000000000000000000000000000000001100011101100001100110101000000001111010001111101000
00111101010100000100000000000111011110011100000000000000000000000000000000000001111011001111100000
001111011110000000000000000000000000000000000000000000000000000000000000000000000000000000000000
001111100110000000000000000000000000000000000000000000000000000000000000000000000000000000000000
00111110110100000100010011110100011100111100000000000000000000000000000000000001111110001111111000
001111110110000000000000000000000000000000000000000000000000000000000000000000000000000000000000
001111111110000000000000000000000000000000000000000000000000000000000000000000000000000000000000
010000000010000000000000000000000000000000000000000000000000000000011000101010000001010000100000
010000001000000000000000000000000000000000001100011101100001100110101000000010000010010000011000
010000010110000000000000000000000000000000000000000000000000000000000000000000000000000000000000
010000011110000000000000000000000000000000000000000000000000000000000000000000000000000000000000
010000100000000000000000000000000000000000001100011101100001100110101000000010000101010000110000
010000101110000000000000000000000000000000000000000000000000000000000000000000000000000000000001
010000110110000000000000000000000000000000000000000000000000000000000000000000000000000000000001
010000111000000000000000000000000000000000001100011101100001100110101000000010001000010010101000
010001000010000000000000000000000000000000000000000000000000000000111110111010001001010001110000
01000100110100000111111001000111001000001000000000000000000000000000000000000010001010010001101000
010001010010000000000000000000000000000000000000000000000000000000111110100010001011010001100000
010001011110000000000000000000000000000000000000000000000000000000000000000000000000000000000001
010001100110000000000000000000000000000000000000000000000000000000000000000000000000000000000000
010001101110000000000000000000000000000000000000000000000000000000000000000000000000000000000001
010001110010000000000000000000000000000000000000000000000000000001111110001010001111010010010000
01000111110100000011110111000110101000111010000000000000000000000000000000000010010000010010001000
010010000110000000000000000000000000000000000000000000000000000000000000000000000000000000000000
010010001110000000000000000000000000000000000000000000000000000000000000000000000000000000000001
010010010010000000000000000000000000000000000000000000000000000010100101011010010011010010100000
010010011110000000000000000000000000000000000000000000000000000000000000000000000000000000000001
010010100110000000000000000000000000000000000000000000000000000000000000000000000000000000000001
01001010110100000100000000000011100100000100000000000000000000000000000000000010010110010011101000
01001011010100000000101001011000000000000000000000000000000000000000000000000010010111010011010000
010010111010000000000000000000000000000000000000000000000000000000111110111010011000010011001000
010011000110000000000000000000000000000000000000000000000000000000000000000000000000000000000000
010011001110000000000000000000000000000000000000000000000000000000000000000000000000000000000001
010011010010000000000000000000000000000000000000000000000000000001111101101010011011010011100000
010011011110000000000000000000000000000000000000000000000000000000000000000000000000000000000000
010011100110000000000000000000000000000000000000000000000000000000000000000000000000000000000001
01001110110100000110111001011010010101101000000000000000000000000000000000000010011110010100001000
010011110010000000000000000000000000000000000000000000000000000001111100100010011111010100000000
010011111110000000000000000000000000000000000000000000000000000000000000000000000000000000000001
010100000110000000000000000000000000000000000000000000000000000000000000000000000000000000000001
01010000110100000111100001111000000000001000000000000000000000000000000000000010100010010100011000
010100010110000000000000000000000000000000000000000000000000000000000000000000000000000000000000
010100011110000000000000000000000000000000000000000000000000000000000000000000000000000000000001
01010010010100000100011010010010000100110000000000000000000000000000000000000010100101010110110000
010100101010000000000000000000000000000000000000000000000000000010011111101010100110010110101000
01010011010100000000011111111100101111101100010000000000000000000000000000000010100111010101110000
010100111010000000000000000000000000000000000000000000000000000000100000110010101000010101011000
01010100010100000000010000000001100000000000100000000000000000000000000000000010101001010101010000
010101001110000000000000000000000000000000000000000000000000000000000000000000000000000000000000
010101010110000000000000000000000000000000000000000000000000000000000000000000000000000000000000
010101011010000000000000000000000000000000000000000000000000000001111101000010101100010101101000
010101100110000000000000000000000000000000000000000000000000000000000000000000000000000000000001
010101101110000000000000000000000000000000000000000000000000000000000000000000000000000000000000
01010111010100000100001100010010001010101100000000000000000000000000000000000010101111010110010000
010101111010000000000000000000000000000000000000000000000000000000010011000010110000010110001000
010110000110000000000000000000000000000000000000000000000000000000000000000000000000000000000001
010110001110000000000000000000000000000000000000000000000000000000000000000000000000000000000000
010110010010000000000000000000000000000000000000000000000000000001110011110010110011010110100000
010110011110000000000000000000000000000000000000000000000000000000000000000000000000000000000001
010110100110000000000000000000000000000000000000000000000000000000000000000000000000000000000000
010110101110000000000000000000000000000000000000000000000000000000000000000000000000000000000001
010110110010000000000000000000000000000000000000000000000000000000111101001010110111010111110000
010110111010000000000000000000000000000000000000000000000000000000010111001010111000010111001000
010111000110000000000000000000000000000000000000000000000000000000000000000000000000000000000001
01011100110100000111000111111100010111010000000000000000000000000000000000000010111010010111011000
010111010110000000000000000000000000000000000000000000000000000000000000000000000000000000000001
010111011010000000000000000000000000000000000000000000000000000000011001010010111100010111101000
010111100110000000000000000000000000000000000000000000000000000000000000000000000000000000000000
010111101110000000000000000000000000000000000000000000000000000000000000000000000000000000000000
010111110010000000000000000000000000000000000000000000000000000010011000000010111111011000110000
010111111010000000000000000000000000000000000000000000000000000001111100110011000000011000011000
01100000010100010001110100110111011011010000000000000000000000000000000000000011000001011000010000
011000001110000000000000000000000000000000000000000000000000000000000000000000000000000000000001
011000010110000000000000000000000000000000000000000000000000000000000000000000000000000000000000
01100001110100001001100111010000111000100000000000000000000000000000000000000011000100011000101000
011000100110000000000000000000000000000000000000000000000000000000000000000000000000000000000000
011000101110000000000000000000000000000000000000000000000000000000000000000000000000000000000001
011000110010000000000000000000000000000000000000000000000000000010100101110011000111011001010000
011000111010000000000000000000000000000000000000000000000000000010100101000011001000011001001000
011001000110000000000000000000000000000000000000000000000000000000000000000000000000000000000000
011001001110000000000000000000000000000000000000000000000000000000000000000000000000000000000000
011001010110000000000000000000000000000000000000000000000000000000000000000000000000000000000001
011001011000000000000000000000000000000000001100011101100001100110111000000011001100100000011000
01100110010100010111111111111011010010000000000000000000000000000000000000000011001101011001110000
011001101110000000000000000000000000000000000000000000000000000000000000000000000000000000000001
011001110000000000000000000000000000000000001100011101100001100110101000000011001111011101010000
01100111110100100111111111111110110000000000000000000000000000000000000000000011010000011011101000
011010000010000000000000000000000000000000000000000000000000000000111101001011010001011011000000
01101000110100100010111101111111100011000000000000000000000000000000000000000011010010011010101000
01101001010100100000000110001001001110100000000000000000000000000000000000000011010011011010100000
011010011110000000000000000000000000000000000000000000000000000000000000000000000000000000000000
011010100110000000000000000000000000000000000000000000000000000000000000000000000000000000000001
01101010110100100011100000011110011101000000000000000000000000000000000000000011010110011010111000
011010110110000000000000000000000000000000000000000000000000000000000000000000000000000000000000
011010111110000000000000000000000000000000000000000000000000000000000000000000000000000000000000
011011000010000000000000000000000000000000000000000000000000000010011001000011011001011011010000
011011001110000000000000000000000000000000000000000000000000000000000000000000000000000000000001
011011010010000000000000000000000000000000000000000000000000000010011001001011011011011011100000
011011011110000000000000000000000000000000000000000000000000000000000000000000000000000000000000
011011100110000000000000000000000000000000000000000000000000000000000000000000000000000000000001
011011101010000000000000000000000000000000000000000000000000000000111110001011011110011100101000
011011110010000000000000000000000000000000000000000000000000000000110011000011011111011100010000
01101111110100111101101011111010100101100000000000000000000000000000000000000011100000011100001000
011100000110000000000000000000000000000000000000000000000000000000000000000000000000000000000001
011100001110000000000000000000000000000000000000000000000000000000000000000000000000000000000001
01110001010101101000111011101101100011000000000000000000000000000000000000000011100011011100100000
011100011110000000000000000000000000000000000000000000000000000000000000000000000000000000000000
011100100110000000000000000000000000000000000000000000000000000000000000000000000000000000000001
011100101010000000000000000000000000000000000000000000000000000001111101101011100110011101001000
011100110010000000000000000000000000000000000000000000000000000001111101100011100111011101000000
011100111110000000000000000000000000000000000000000000000000000000000000000000000000000000000001
011101000110000000000000000000000000000000000000000000000000000000000000000000000000000000000000
011101001110000000000000000000000000000000000000000000000000000000000000000000000000000000000001
011101010010000000000000000000000000000000000000000000000000000000111110001011101011011111010000
011101011010000000000000000000000000000000000000000000000000000000110011000011101100011110011000
01110110010100011010000101001111101111100000000000000000000000000000000000000011101101011110000000
01110110110100011000100010000110000011110000000000000000000000000000000000000011101110011101111000
011101110110000000000000000000000000000000000000000000000000000000000000000000000000000000000000
011101111110000000000000000000000000000000000000000000000000000000000000000000000000000000000000
011110000010000000000000000000000000000000000000000000000000000000100101001011110001011110010000
011110001110000000000000000000000000000000000000000000000000000000000000000000000000000000000001
011110010110000000000000000000000000000000000000000000000000000000000000000000000000000000000001
011110011010000000000000000000000000000000000000000000000000000000110011101011110100011110111000
01111010010101101101001111100100110110000000000000000000000000000000000000000011110101011110110000
011110101110000000000000000000000000000000000000000000000000000000000000000000000000000000000000
011110110110000000000000000000000000000000000000000000000000000000000000000000000000000000000001
011110111010000000000000000000000000000000000000000000000000000000111100100011111000011111001000
011111000110000000000000000000000000000000000000000000000000000000000000000000000000000000000001
011111001110000000000000000000000000000000000000000000000000000000000000000000000000000000000000
011111010010000000000000000000000000000000000000000000000000000010100010100011111011100000010000
011111011010000000000000000000000000000000000000000000000000000001111101100011111100011111111000
011111100010000000000000000000000000000000000000000000000000000000111110101011111101011111110000
011111101110000000000000000000000000000000000000000000000000000000000000000000000000000000000001
011111110110000000000000000000000000000000000000000000000000000000000000000000000000000000000001
011111111010000000000000000000000000000000000000000000000000000001111101101100000000100000001000
100000000110000000000000000000000000000000000000000000000000000000000000000000000000000000000000
100000001110000000000000000000000000000000000000000000000000000000000000000000000000000000000001
100000010110000000000000000000000000000000000000000000000000000000000000000000000000000000000001
100000011010000000000000000000000000000000000000000000000000000000111110101100000100100100011000
100000100010000000000000000000000000000000000000000000000000000000110011000100000101100010000000
100000101010000000000000000000000000000000000000000000000000000000100101010100000110100001111000
10000011010100100011100111010110100001000000000000000000000000000000000000000100000111100001110000
10000011110100011010010000000100001111110000000000000000000000000000000000000100001000100001011000
100001000010000000000000000000000000000000000000000000000000000000010111110100001001100001010000
100001001110000000000000000000000000000000000000000000000000000000000000000000000000000000000001
100001010110000000000000000000000000000000000000000000000000000000000000000000000000000000000000
100001011010000000000000000000000000000000000000000000000000000000100101001100001100100001101000
100001100110000000000000000000000000000000000000000000000000000000000000000000000000000000000001
100001101110000000000000000000000000000000000000000000000000000000000000000000000000000000000000
100001110110000000000000000000000000000000000000000000000000000000000000000000000000000000000001
100001111110000000000000000000000000000000000000000000000000000000000000000000000000000000000001
100010000010000000000000000000000000000000000000000000000000000000111100100100010001100011000000
10001000110101101000010110001111000110000000000000000000000000000000000000000100010010100010111000
10001001010100011110111000001110111100010000000000000000000000000000000000000100010011100010100000
100010011110000000000000000000000000000000000000000000000000000000000000000000000000000000000001
100010100010000000000000000000000000000000000000000000000000000000110011101100010101100010110000
100010101110000000000000000000000000000000000000000000000000000000000000000000000000000000000000
100010110110000000000000000000000000000000000000000000000000000000000000000000000000000000000001
100010111110000000000000000000000000000000000000000000000000000000000000000000000000000000000001
100011000010000000000000000000000000000000000000000000000000000000111100110100011001100011110000
10001100110100110100101111011001100010000000000000000000000000000000000000000100011010100011101000
10001101010100100011011100111101001111000000000000000000000000000000000000000100011011100011100000
100011011110000000000000000000000000000000000000000000000000000000000000000000000000000000000000
100011100110000000000000000000000000000000000000000000000000000000000000000000000000000000000000
100011101110000000000000000000000000000000000000000000000000000000000000000000000000000000000001
100011110010000000000000000000000000000000000000000000000000000000111101000100011111100100000000
100011111110000000000000000000000000000000000000000000000000000000000000000000000000000000000001
10010000010101011011111001000001101010000000000000000000000000000000000000000100100001100100010000
100100001110000000000000000000000000000000000000000000000000000000000000000000000000000000000000
100100010110000000000000000000000000000000000000000000000000000000000000000000000000000000000001
100100011010000000000000000000000000000000000000000000000000000010100010100100100100100101101000
100100100010000000000000000000000000000000000000000000000000000001111101100100100101100100110000
100100101110000000000000000000000000000000000000000000000000000000000000000000000000000000000001
10010011010101000000001111101011001000000000000000000000000000000000000000000100100111100101100000
100100111010000000000000000000000000000000000000000000000000000001111101110100101000100101001000
100101000110000000000000000000000000000000000000000000000000000000000000000000000000000000000000
100101001010000000000000000000000000000000000000000000000000000010011001000100101010100101011000
100101010110000000000000000000000000000000000000000000000000000000000000000000000000000000000001
100101011110000000000000000000000000000000000000000000000000000000000000000000000000000000000000
100101100110000000000000000000000000000000000000000000000000000000000000000000000000000000000001
100101101110000000000000000000000000000000000000000000000000000000000000000000000000000000000001
100101110000000000000000000000000000000000001100011101100001100111011000000100101111101010000000
100101111010000000000000000000000000000000000000000000000000000000011011101100110000100111001000
100110000010000000000000000000000000000000000000000000000000000000011000111100110001100110010000
100110001110000000000000000000000000000000000000000000000000000000000000000000000000000000000000
10011001010100000000000000000000000000000000000000111000000000010000010000100100110011100111000000
10011001110100000000000000000000000000000000000000000000000000010000000010000100110100100110101000
100110100110000000000000000000000000000000000000000000000000000000000000000000000000000000000001
10011010110100000000000000000000000000000000000000011100000000010000010000100100110110100110111000
100110110110000000000000000000000000000000000000000000000000000000000000000000000000000000000000
100110111110000000000000000000000000000000000000000000000000000000000000000000000000000000000001
100111000110000000000000000000000000000000000000000000000000000000000000000000000000000000000000
10011100110100000000000000000010000000000000000000000100000000000000000000000100111010101001011000
10011101010100000000000000000000000000000000011111111100010101000000000000000100111011101000000000
10011101110100000000000000000000000000000000000000000000100000000000100000100100111100100111101000
100111100110000000000000000000000000000000000000000000000000000000000000000000000000000000000000
10011110110100000000000000000000000000000000000000000000100000000100100010011100111110100111111000
100111110110000000000000000000000000000000000000000000000000000000000000000000000000000000000001
100111111110000000000000000000000000000000000000000000000000000000000000000000000000000000000000
10100000010100000000000000000000000000000000110000000000000000000000000000000101000001101000100000
101000001010000000000000000000000000000000000000000000000000000001010110110101000010101000011000
101000010110000000000000000000000000000000000000000000000000000000000000000000000000000000000000
101000011110000000000000000000000000000000000000000000000000000000000000000000000000000000000001
101000100010000000000000000000000000000000000000000000000000000000100111110101000101101000110000
101000101110000000000000000000000000000000000000000000000000000000000000000000000000000000000001
101000110010000000000000000000000000000000000000000000000000000001100100001101000111101001000000
101000111110000000000000000000000000000000000000000000000000000000000000000000000000000000000000
10100100010100000000000000000000000000111001011010001101100000001110000000000101001001101001010000
101001001110000000000000000000000000000000000000000000000000000000000000000000000000000000000001
101001010110000000000000000000000000000000000000000000000000000000000000000000000000000000000000
10100101110100000110100000100100011001010100000000000000000000000000000000000101001100101001101000
101001100110000000000000000000000000000000000000000000000000000000000000000000000000000000000000
10100110110100000110100111001000010101100000000000000000000000000000000000000101001110101001111000
101001110110000000000000000000000000000000000000000000000000000000000000000000000000000000000001
101001111110000000000000000000000000000000000000000000000000000000000000000000000000000000000000
101010000000000000000000000000000000000000001100011101100001100111101000000101010001101011000000
10101000110100001101111101111100001001000000000000000000000000000000000000000101010010101010011000
101010010110000000000000000000000000000000000000000000000000000000000000000000000000000000000000
101010011010000000000000000000000000000000000000000000000000000001011101111101010100101010101000
101010100110000000000000000000000000000000000000000000000000000000000000000000000000000000000000
101010101010000000000000000000000000000000000000000000000000000001111101011101010110101010111000
101010110110000000000000000000000000000000000000000000000000000000000000000000000000000000000001
101010111110000000000000000000000000000000000000000000000000000000000000000000000000000000000000
101011000010000000000000000000000000000000000000000000000000000001111011101101011001101011010000
101011001110000000000000000000000000000000000000000000000000000000000000000000000000000000000000
101011010010000000000000000000000000000000000000000000000000000001111101011101011011101100010000
101011011000000000000000000000000000000000001100011101100001100111111000000101011100101100001000
10101110010100000000000000000000010010001010000000000000000000000000000000000101011101101100000000
10101110110100000000000000000000000000000010100000000000000000000000000000000101011110101011111000
101011110110000000000000000000000000000000000000000000000000000000000000000000000000000000000000
101011111110000000000000000000000000000000000000000000000000000000000000000000000000000000000001
101100000110000000000000000000000000000000000000000000000000000000000000000000000000000000000000
101100001110000000000000000000000000000000000000000000000000000000000000000000000000000000000000
101100010110000000000000000000000000000000000000000000000000000000000000000000000000000000000000
