000000000010000000000000000000000000000000000000000000000000000000011000000000000001000000010000
000000001110000000000000000000000000000000000000000000000000000000000000000000000000000000000001
000000010010000000000000000000000000000000000000000000000000000000111110011000000011001111000000
000000011000000000000000000000000000000000001100011101100001100111001000000000000100001100011000
000000100010000000000000000000000000000000000000000000000000000000101111100000000101000101110000
000000101010000000000000000000000000000000000000000000000000000000100110100000000110000100011000
00000011010100000000000000000000000000000000000000000000000000000111111101110000000111000010100000
00000011110100000000000000000000000000000000000000000000000000000000000000000000001000000001111000
000001000010000000000000000000000000000000000000000000000000000000011000011000001001000001100000
000001001000000000000000000000000000000000001100011101100001100110101000000000001010000001011000
000001010110000000000000000000000000000000000000000000000000000000000000000000000000000000000001
000001011110000000000000000000000000000000000000000000000000000000000000000000000000000000000000
000001100000000000000000000000000000000000001100011101100001100110101000000000001101000001110000
000001101110000000000000000000000000000000000000000000000000000000000000000000000000000000000000
000001110110000000000000000000000000000000000000000000000000000000000000000000000000000000000001
00000111110100000000000000000000000000000000000000000000000000000000000111111000010000000010001000
000010000110000000000000000000000000000000000000000000000000000000000000000000000000000000000001
000010001010000000000000000000000000000000000000000000000000000000011110001000010010000010011000
000010010110000000000000000000000000000000000000000000000000000000000000000000000000000000000001
000010011110000000000000000000000000000000000000000000000000000000000000000000000000000000000001
00001010010100011010000110100110001110110000000000000000000000000000000000000000010101000011100000
00001010110100000000010000000000001001110001000000000000000000000000000000000000010110000011001000
000010110010000000000000000000000000000000000000000000000000000000011110000000010111000011000000
000010111110000000000000000000000000000000000000000000000000000000000000000000000000000000000001
000011000110000000000000000000000000000000000000000000000000000000000000000000000000000000000000
000011001000000000000000000000000000000000001100011101100001100110111000000000011010000011011000
000011010110000000000000000000000000000000000000000000000000000000000000000000000000000000000000
000011011110000000000000000000000000000000000000000000000000000000000000000000000000000000000000
000011100010000000000000000000000000000000000000000000000000000000100101001000011101000100000000
00001110110100111110110111001001101101000000000000000000000000000000000000000000011110000011111000
000011110110000000000000000000000000000000000000000000000000000000000000000000000000000000000001
000011111110000000000000000000000000000000000000000000000000000000000000000000000000000000000001
000100000000000000000000000000000000000000001100011101100001100110111000000000100001000100010000
000100001110000000000000000000000000000000000000000000000000000000000000000000000000000000000000
000100010110000000000000000000000000000000000000000000000000000000000000000000000000000000000000
000100011010000000000000000000000000000000000000000000000000000000100111000000100100000101101000
000100100000000000000000000000000000000000001100011101100001100110111000000000100101000101010000
000100101010000000000000000000000000000000000000000000000000000000100110111000100110000100111000
000100110110000000000000000000000000000000000000000000000000000000000000000000000000000000000001
00010011110100000000000000000000000000000000000000000000000000000000001101011000101000000101001000
000101000110000000000000000000000000000000000000000000000000000000000000000000000000000000000000
000101001110000000000000000000000000000000000000000000000000000000000000000000000000000000000001
00010101010100000000000000000000000000000000000000000001111000001010101111000000101011000101100000
000101011110000000000000000000000000000000000000000000000000000000000000000000000000000000000000
000101100110000000000000000000000000000000000000000000000000000000000000000000000000000000000001
000101101110000000000000000000000000000000000000000000000000000000000000000000000000000000000001
00010111010100000010011100110000000101011000000000000000000000000000000000000000101111001001010000
000101111000000000000000000000000000000000001100011101100001100110111000000000110000000111101000
000110000010000000000000000000000000000000000000000000000000000000111100001000110001000110110000
00011000110100000000000001000110110110000010111100000000000000000000000000000000110010000110101000
00011001010100000000000000000000000000000000000000000000000000000000000000000000110011000110100000
000110011110000000000000000000000000000000000000000000000000000000000000000000000000000000000000
000110100110000000000000000000000000000000000000000000000000000000000000000000000000000000000000
000110101110000000000000000000000000000000000000000000000000000000000000000000000000000000000001
00011011010100000000000001001100000000000110000001000000000000000000000000000000110111000111010000
00011011110100000000000000000000000000000000000000000000000000000000000000101000111000000111001000
000111000110000000000000000000000000000000000000000000000000000000000000000000000000000000000000
000111001110000000000000000000000000000000000000000000000000000000000000000000000000000000000000
000111010000000000000000000000000000000000001100011101100001100110101000000000111011000111100000
000111011110000000000000000000000000000000000000000000000000000000000000000000000000000000000001
000111100110000000000000000000000000000000000000000000000000000000000000000000000000000000000001
000111101010000000000000000000000000000000000000000000000000000000111100001000111110001000011000
000111110010000000000000000000000000000000000000000000000000000000101111110000111111001000000000
000111111110000000000000000000000000000000000000000000000000000000000000000000000000000000000001
001000000010000000000000000000000000000000000000000000000000000000111000110001000001001000010000
001000001110000000000000000000000000000000000000000000000000000000000000000000000000000000000000
001000010110000000000000000000000000000000000000000000000000000000000000000000000000000000000000
00100001110100000000000001001100000000000110000000000000000000000000000000000001000100001000111000
00100010010100000000000000000000000000000000000000000000000000000000000010100001000101001000110000
001000101110000000000000000000000000000000000000000000000000000000000000000000000000000000000000
001000110110000000000000000000000000000000000000000000000000000000000000000000000000000000000000
00100011110100000000000001010100000000000110000000000000000000000000000000000001001000001001001000
001001000110000000000000000000000000000000000000000000000000000000000000000000000000000000000001
001001001110000000000000000000000000000000000000000000000000000000000000000000000000000000000000
001001010000000000000000000000000000000000001100011101100001100110111000000001001011001011010000
00100101110100101000000001000100001111100000000000000000000000000000000000000001001100001010011000
00100110010100001000000000111101110110110100000000000000000000000000000000000001001101001010000000
001001101000000000000000000000000000000000001100011101100001100110101000000001001110001001111000
001001110110000000000000000000000000000000000000000000000000000000000000000000000000000000000000
001001111110000000000000000000000000000000000000000000000000000000000000000000000000000000000000
001010000010000000000000000000000000000000000000000000000000000000110011000001010001001010010000
001010001110000000000000000000000000000000000000000000000000000000000000000000000000000000000001
001010010110000000000000000000000000000000000000000000000000000000000000000000000000000000000000
001010011010000000000000000000000000000000000000000000000000000000110011101001010100001010111000
001010100000000000000000000000000000000000001100011101100001100110101000000001010101001010110000
001010101110000000000000000000000000000000000000000000000000000000000000000000000000000000000000
001010110110000000000000000000000000000000000000000000000000000000000000000000000000000000000000
001010111010000000000000000000000000000000000000000000000000000000111110000001011000001011001000
001011000110000000000000000000000000000000000000000000000000000000000000000000000000000000000001
001011001110000000000000000000000000000000000000000000000000000000000000000000000000000000000000
00101101010101101001011100101000011100000000000000000000000000000000000000000001011011001100010000
001011011010000000000000000000000000000000000000000000000000000000110010000001011100001011111000
001011100010000000000000000000000000000000000000000000000000000000101111101001011101001011110000
001011101110000000000000000000000000000000000000000000000000000000000000000000000000000000000000
001011110110000000000000000000000000000000000000000000000000000000000000000000000000000000000001
001011111010000000000000000000000000000000000000000000000000000000110011101001100000001100001000
001100000110000000000000000000000000000000000000000000000000000000000000000000000000000000000000
001100001110000000000000000000000000000000000000000000000000000000000000000000000000000000000000
001100010110000000000000000000000000000000000000000000000000000000000000000000000000000000000001
001100011010000000000000000000000000000000000000000000000000000000011011101001100100001101101000
001100100010000000000000000000000000000000000000000000000000000000011000111001100101001100110000
001100101110000000000000000000000000000000000000000000000000000000000000000000000000000000000000
00110011010100000000000000000000000000000000000000111000000000010000010000100001100111001101100000
00110011110100000000000000000000000000000000000000000000000000010000000010000001101000001101001000
001101000110000000000000000000000000000000000000000000000000000000000000000000000000000000000001
00110100110100000000000000000000000000000000000000011100000000010000010000100001101010001101011000
001101010110000000000000000000000000000000000000000000000000000000000000000000000000000000000000
001101011110000000000000000000000000000000000000000000000000000000000000000000000000000000000001
001101100110000000000000000000000000000000000000000000000000000000000000000000000000000000000000
001101101010000000000000000000000000000000000000000000000000000000101011110001101110001110111000
001101110010000000000000000000000000000000000000000000000000000000100111100001101111001110110000
001101111010000000000000000000000000000000000000000000000000000000011110101001110000001110001000
001110000110000000000000000000000000000000000000000000000000000000000000000000000000000000000000
001110001010000000000000000000000000000000000000000000000000000000100001100001110010001110101000
001110010000000000000000000000000000000000001100011101100001100111011000000001110011001110100000
001110011110000000000000000000000000000000000000000000000000000000000000000000000000000000000000
001110100110000000000000000000000000000000000000000000000000000000000000000000000000000000000000
001110101110000000000000000000000000000000000000000000000000000000000000000000000000000000000000
001110110110000000000000000000000000000000000000000000000000000000000000000000000000000000000001
001110111110000000000000000000000000000000000000000000000000000000000000000000000000000000000000
001111000000000000000000000000000000000000001100011101100001100111001000000001111001010111100000
00111100110100000000000000000000000000000000000000000000000000000000000000000001111010010001101000
001111010000000000000000000000000000000000001100011101100001100110111000000001111011010001100000
001111011000000000000000000000000000000000001100011101100001100110101000000001111100010000101000
001111100010000000000000000000000000000000000000000000000000000001100010000001111101001111110000
001111101110000000000000000000000000000000000000000000000000000000000000000000000000000000000001
001111110010000000000000000000000000000000000000000000000000000010000000000001111111010000010000
001111111010000000000000000000000000000000000000000000000000000001110001011010000000010000001000
010000000110000000000000000000000000000000000000000000000000000000000000000000000000000000000000
010000001110000000000000000000000000000000000000000000000000000000000000000000000000000000000000
010000010010000000000000000000000000000000000000000000000000000010010110000010000011010000100000
010000011110000000000000000000000000000000000000000000000000000000000000000000000000000000000001
010000100110000000000000000000000000000000000000000000000000000000000000000000000000000000000000
010000101010000000000000000000000000000000000000000000000000000001100100110010000110010000111000
010000110110000000000000000000000000000000000000000000000000000000000000000000000000000000000001
010000111010000000000000000000000000000000000000000000000000000010001100000010001000010001001000
010001000110000000000000000000000000000000000000000000000000000000000000000000000000000000000000
010001001010000000000000000000000000000000000000000000000000000010011101101010001010010001011000
010001010110000000000000000000000000000000000000000000000000000000000000000000000000000000000001
010001011110000000000000000000000000000000000000000000000000000000000000000000000000000000000000
010001100110000000000000000000000000000000000000000000000000000000000000000000000000000000000000
01000110110100000101001000000101101110110000000000000000000000000000000000000010001110010101101000
010001110000000000000000000000000000000000001100011101100001100110111000000010001111010011110000
010001111000000000000000000000000000000000001100011101100001100110101000000010010000010010111000
010010000010000000000000000000000000000000000000000000000000000001111111011010010001010010100000
01001000110100000000011111111010000010101011000000000000000000000000000000000010010010010010011000
010010010110000000000000000000000000000000000000000000000000000000000000000000000000000000000001
010010011110000000000000000000000000000000000000000000000000000000000000000000000000000000000000
010010100010000000000000000000000000000000000000000000000000000010011110001010010101010010110000
010010101110000000000000000000000000000000000000000000000000000000000000000000000000000000000001
010010110110000000000000000000000000000000000000000000000000000000000000000000000000000000000001
01001011110100000000011111111010011111110100110000000000000000000000000000000010011000010011011000
01001100010100000000000000000000000000000000000000001000000011010101010000111010011001010011010000
010011001110000000000000000000000000000000000000000000000000000000000000000000000000000000000001
010011010110000000000000000000000000000000000000000000000000000000000000000000000000000000000001
010011011010000000000000000000000000000000000000000000000000000001111001010010011100010011101000
010011100110000000000000000000000000000000000000000000000000000000000000000000000000000000000000
010011101110000000000000000000000000000000000000000000000000000000000000000000000000000000000001
010011110010000000000000000000000000000000000000000000000000000001111010001010011111010100110000
01001111110100000000000000000000000000000000000000000111001111101011001000111010100000010100011000
010100000010000000000000000000000000000000000000000000000000000001101000111010100001010100010000
010100001110000000000000000000000000000000000000000000000000000000000000000000000000000000000001
010100010110000000000000000000000000000000000000000000000000000000000000000000000000000000000001
010100011010000000000000000000000000000000000000000000000000000000111110101010100100010100101000
010100100110000000000000000000000000000000000000000000000000000000000000000000000000000000000000
010100101110000000000000000000000000000000000000000000000000000000000000000000000000000000000000
01010011010100000000000000000000000001110000011101001110000111000000000000000010100111010101010000
010100111010000000000000000000000000000000000000000000000000000001111111001010101000010101001000
010101000110000000000000000000000000000000000000000000000000000000000000000000000000000000000001
010101001110000000000000000000000000000000000000000000000000000000000000000000000000000000000001
010101010010000000000000000000000000000000000000000000000000000001111111001010101011010101100000
010101011110000000000000000000000000000000000000000000000000000000000000000000000000000000000000
010101100110000000000000000000000000000000000000000000000000000000000000000000000000000000000001
010101101010000000000000000000000000000000000000000000000000000010100101010010101110010111011000
010101110010000000000000000000000000000000000000000000000000000001111101000010101111010110110000
010101111000000000000000000000000000000000001100011101100001100110101000000010110000010110011000
01011000010100000111100011101110101101010100000000000000000000000000000000000010110001010110010000
010110001110000000000000000000000000000000000000000000000000000000000000000000000000000000000000
010110010110000000000000000000000000000000000000000000000000000000000000000000000000000000000001
010110011000000000000000000000000000000000001100011101100001100110111000000010110100010110101000
010110100110000000000000000000000000000000000000000000000000000000000000000000000000000000000001
010110101110000000000000000000000000000000000000000000000000000000000000000000000000000000000001
01011011010101000000000000100111101010000000000000000000000000000000000000000010110111010111010000
01011011110100111111111110101011111000100000000000000000000000000000000000000010111000010111001000
010111000110000000000000000000000000000000000000000000000000000000000000000000000000000000000001
010111001110000000000000000000000000000000000000000000000000000000000000000000000000000000000000
010111010110000000000000000000000000000000000000000000000000000000000000000000000000000000000001
010111011110000000000000000000000000000000000000000000000000000000000000000000000000000000000001
010111100000000000000000000000000000000000001100011101100001100111011000000010111101011001010000
01011110110100000000000000000000000000000011110110010000000100001110000000000010111110011000011000
01011111010100000000000000000000000000000000010000110101110011000011010111000010111111011000000000
010111111110000000000000000000000000000000000000000000000000000000000000000000000000000000000000
011000000010000000000000000000000000000000000000000000000000000001100100001011000001011000010000
011000001110000000000000000000000000000000000000000000000000000000000000000000000000000000000000
011000010110000000000000000000000000000000000000000000000000000000000000000000000000000000000001
011000011010000000000000000000000000000000000000000000000000000001001011100011000100011001001000
01100010010100000100010011000000000000000010000000000000000000000000000000000011000101011000110000
011000101110000000000000000000000000000000000000000000000000000000000000000000000000000000000000
01100011010100000110110001101100000000000000000000000000000000000000000000000011000111011001000000
011000111110000000000000000000000000000000000000000000000000000000000000000000000000000000000001
011001000110000000000000000000000000000000000000000000000000000000000000000000000000000000000000
011001001110000000000000000000000000000000000000000000000000000000000000000000000000000000000000
01100101010100001101111110001100001001100000000000000000000000000000000000000011001011011010100000
011001011010000000000000000000000000000000000000000000000000000001111011101011001100011001101000
011001100110000000000000000000000000000000000000000000000000000000000000000000000000000000000000
01100110110100000000000000000000000000111010110100000001011100000000000000000011001110011010011000
011001110010000000000000000000000000000000000000000000000000000001111110010011001111011010010000
01100111110100000000000000000000000000000010100000000000000000000000000000000011010000011010001000
011010000110000000000000000000000000000000000000000000000000000000000000000000000000000000000000
011010001110000000000000000000000000000000000000000000000000000000000000000000000000000000000001
011010010110000000000000000000000000000000000000000000000000000000000000000000000000000000000000
011010011110000000000000000000000000000000000000000000000000000000000000000000000000000000000000
01101010010100001111111000100000000111101000000000000000000000000000000000000011010101011010110000
011010101110000000000000000000000000000000000000000000000000000000000000000000000000000000000001
011010110110000000000000000000000000000000000000000000000000000000000000000000000000000000000000
